Date,Open,High,Low,Close,Volume,Dividends,Stock Splits
1998-09-24 00:00:00-04:00,0.8844574410694397,0.8968570049673502,0.7315375215376893,0.7832002639770508,518656090,0.0,0.0
1998-09-25 00:00:00-04:00,0.752202798582622,0.7625350100867927,0.6798757447257381,0.7418696880340576,121255834,0.0,0.0
1998-09-28 00:00:00-04:00,0.7852668071159132,0.8410614515134354,0.7604686317242441,0.7976654171943665,89772883,0.0,0.0
1998-09-29 00:00:00-04:00,0.8162632830215754,0.8307292450141457,0.7893996107436764,0.8079975247383118,39289536,0.0,0.0
1998-09-30 00:00:00-04:00,0.7800996962180478,0.793532430878154,0.7150060726329759,0.744969367980957,44113766,0.0,0.0
1998-10-01 00:00:00-04:00,0.7046728996765484,0.7150060093048961,0.6612768173217773,0.6612768173217773,44433101,0.0,0.0
1998-10-02 00:00:00-04:00,0.6695425745509506,0.6902078385730627,0.5786175593219565,0.6612768173217773,46816704,0.0,0.0
1998-10-05 00:00:00-04:00,0.6468117975405138,0.6468117975405138,0.5765511489043762,0.59308260679245,33832339,0.0,0.0
1998-10-06 00:00:00-04:00,0.6323458576126404,0.6323458576126404,0.5290213255347964,0.6034148335456848,40270349,0.0,0.0
1998-10-07 00:00:00-04:00,0.5786176942646813,0.5889499072583496,0.510423481464386,0.510423481464386,35058355,0.0,0.0
1998-10-08 00:00:00-04:00,0.4608270676232972,0.48355881401124146,0.41743101161528223,0.47942590713500977,57172262,0.0,0.0
1998-10-09 00:00:00-04:00,0.5083569288253784,0.5331541452862419,0.48769166400021957,0.5083569288253784,38519712,0.0,0.0
1998-10-12 00:00:00-04:00,0.5290212868326056,0.5290212868326056,0.5207555294036865,0.5207555294036865,28198368,0.0,0.0
1998-10-13 00:00:00-04:00,0.5217887924202448,0.524888472743165,0.4835588398681477,0.4856252372264862,15430694,0.0,0.0
1998-10-14 00:00:00-04:00,0.4814924358894336,0.5310878318745018,0.4814924358894336,0.4980238974094391,30935520,0.0,0.0
1998-10-15 00:00:00-04:00,0.49802385472754845,0.5414208971343656,0.49802385472754845,0.5393544435501099,29144966,0.0,0.0
1998-10-16 00:00:00-04:00,0.5517530155728259,0.6034148012274622,0.5455537114272028,0.5951490998268127,43343942,0.0,0.0
1998-10-19 00:00:00-04:00,0.6137479667577848,0.760468590811309,0.6116815693160674,0.7501364350318909,78151392,0.0,0.0
1998-10-20 00:00:00-04:00,0.8100639069204871,0.8575937407088022,0.7480699105039933,0.7687342762947083,109292198,0.0,0.0
1998-10-21 00:00:00-04:00,0.8100639561078367,0.851394488287568,0.7811329319617311,0.835895299911499,65703053,0.0,0.0
1998-10-22 00:00:00-04:00,0.8555274013876576,0.8844574705011938,0.8141968127289099,0.8524277210235596,53323142,0.0,0.0
1998-10-23 00:00:00-04:00,0.8534608644651707,0.8637930189559389,0.8183305390097507,0.8286626935005188,32309798,0.0,0.0
1998-10-26 00:00:00-05:00,0.99191574669603,1.215096314894838,0.9712504255857958,1.2130298614501953,389981434,0.0,0.0
1998-10-27 00:00:00-05:00,1.3473518602998373,1.5013050079246415,1.3266866507637562,1.363883376121521,571032634,0.0,0.0
1998-10-28 00:00:00-05:00,1.289489819063087,1.401079985933654,1.264691592140984,1.3225536346435547,254555136,0.0,0.0
1998-10-29 00:00:00-05:00,1.3432192782776844,1.371116180524271,1.3184211577652032,1.3204874992370605,81150854,0.0,0.0
1998-10-30 00:00:00-05:00,1.337018935376493,1.3948809882494866,1.323587098543094,1.3742166757583618,94944960,0.0,0.0
1998-11-02 00:00:00-05:00,1.436210401956217,1.450676362453593,1.3845486173141108,1.388681411743164,123707866,0.0,0.0
1998-11-03 00:00:00-05:00,1.4052129266010023,1.413479639264528,1.3721489978409904,1.388681411743164,45978451,0.0,0.0
1998-11-04 00:00:00-05:00,1.4134795980586454,1.417612392367219,1.3504514224832207,1.3669829368591309,44632685,0.0,0.0
1998-11-05 00:00:00-05:00,1.3390862935208163,1.3845488375610193,1.3018885529896485,1.3421859741210938,66085114,0.0,0.0
1998-11-06 00:00:00-05:00,1.3287530268180745,1.3959139986599554,1.326686573413277,1.388681411743164,48966509,0.0,0.0
1998-11-09 00:00:00-05:00,1.3990137174144428,1.70278799533844,1.3969472639525602,1.70278799533844,202355366,0.0,0.0
1998-11-10 00:00:00-05:00,1.8629418119881394,2.3144699728479874,1.8371103513058782,2.1636154651641846,577698739,0.0,0.0
1998-11-11 00:00:00-05:00,2.103687699196929,2.235942299766817,1.886705356394618,1.9166696071624756,306874656,0.0,0.0
1998-11-12 00:00:00-05:00,1.882572428791502,2.196678852967281,1.859841666099813,2.083022117614746,223699450,0.0,0.0
1998-11-13 00:00:00-05:00,2.149150198414174,2.197712307994296,1.9796978549608684,2.0489253997802734,135688608,0.0,0.0
1998-11-16 00:00:00-05:00,2.1408841210399268,2.149149934502843,2.0199941267729007,2.109886646270752,82411085,0.0,0.0
1998-11-17 00:00:00-05:00,2.10782049590626,2.1987453464176956,2.049958450951588,2.126418352127075,81555725,0.0,0.0
1998-11-18 00:00:00-05:00,2.157415829574113,2.4549907445224255,2.072690114568912,2.4384584426879883,201192077,0.0,0.0
1998-11-19 00:00:00-05:00,2.4963209070919925,2.564515006003352,2.3444331820305235,2.3764638900756836,135973728,0.0,0.0
1998-11-20 00:00:00-05:00,2.4797885293470503,2.4797885293470503,2.320669330092978,2.4301931858062744,67214189,0.0,0.0
1998-11-23 00:00:00-05:00,2.5293845586240153,3.231991193163086,2.5076861200373797,3.190661668777466,162518400,0.0,0.0
1998-11-24 00:00:00-05:00,3.124533700328964,3.870536513858327,2.9426828548614674,3.2536895275115967,342451930,0.0,0.0
1998-11-25 00:00:00-05:00,3.3229166900586153,3.5419643506683944,3.23199071593501,3.3807778358459473,195546701,0.0,0.0
1998-11-27 00:00:00-05:00,3.4882356932087886,3.639090186381957,3.4221087245604624,3.603959798812866,66632544,0.0,0.0
1998-11-30 00:00:00-05:00,3.7103834274470473,3.719682467855385,3.1080010162748826,3.2671210765838623,135768442,0.0,0.0
1998-12-01 00:00:00-05:00,3.092502635944412,3.455171282805425,3.0088101479132088,3.426241159439087,147874637,0.0,0.0
1998-12-02 00:00:00-05:00,3.4055759669511776,3.537831459962269,3.2733204739400863,3.355980634689331,72072634,0.0,0.0
1998-12-03 00:00:00-05:00,3.277453517380218,3.4427731828202712,3.058405831621462,3.0914697647094727,76469184,0.0,0.0
1998-12-04 00:00:00-05:00,3.2237244496054247,3.2728032737714674,2.6492399107104885,3.017075538635254,138288902,0.0,0.0
1998-12-07 00:00:00-05:00,3.0253419342255494,3.0253419342255494,2.76083071081323,2.880687713623047,115382362,0.0,0.0
1998-12-08 00:00:00-05:00,2.7773634873701956,3.008810819252941,2.7525653663017833,2.924084186553955,120868070,0.0,0.0
1998-12-09 00:00:00-05:00,2.9364835156240963,3.2154597088294845,2.8558897987742577,2.967996597290039,119431066,0.0,0.0
1998-12-10 00:00:00-05:00,3.041874521658644,3.151398367946954,2.977813107164002,3.077004909515381,114025190,0.0,0.0
1998-12-11 00:00:00-05:00,3.012943149986013,3.1947939801411835,3.0098434697315652,3.174128770828247,60257261,0.0,0.0
1998-12-14 00:00:00-05:00,3.072870808186696,3.190661357177342,3.0666714475626184,3.116267681121826,46685549,0.0,0.0
1998-12-15 00:00:00-05:00,3.182395915576975,3.2133924975650503,3.1286667686449445,3.20719313621521,40424314,0.0,0.0
1998-12-16 00:00:00-05:00,3.3084505355718914,3.736214702885207,3.3063840821846773,3.6948840618133545,123251674,0.0,0.0
1998-12-17 00:00:00-05:00,3.6039594539217035,4.025523390124671,3.56262970913971,3.9397635459899902,106326950,0.0,0.0
1998-12-18 00:00:00-05:00,4.1329813186586195,4.335497387090091,4.050321818151678,4.170177936553955,83830982,0.0,0.0
1998-12-21 00:00:00-05:00,4.273501575016434,4.967842499905383,4.248703684841829,4.899648189544678,132164525,0.0,0.0
1998-12-22 00:00:00-05:00,5.060834942054892,5.142460978571575,4.666134684282981,4.976108551025391,105979104,0.0,0.0
1998-12-23 00:00:00-05:00,5.0938995663523166,5.14556135779483,4.852119990943106,4.926513671875,42699571,0.0,0.0
1998-12-24 00:00:00-05:00,4.794258210540341,4.912047874868491,4.662002470612002,4.728130340576172,26213933,0.0,0.0
1998-12-28 00:00:00-05:00,4.752928206674262,4.992641317830832,4.562810431095314,4.721930503845215,60770477,0.0,0.0
1998-12-29 00:00:00-05:00,4.81078981391566,4.81078981391566,4.463619285214293,4.528713703155518,33729696,0.0,0.0
1998-12-30 00:00:00-05:00,4.453286879710823,4.46155269458562,3.7920100021488667,4.1805100440979,99484070,0.0,0.0
1998-12-31 00:00:00-05:00,4.029656308081369,4.266269507787712,3.984193880887552,3.9883267879486084,37441958,0.0,0.0
1999-01-04 00:00:00-05:00,3.9077326445881035,4.149512190008825,3.8354054263039377,3.967661142349243,44689709,0.0,0.0
1999-01-05 00:00:00-05:00,3.7703120751430412,3.8436722984184515,3.632890444609004,3.703150987625122,75265978,0.0,0.0
1999-01-06 00:00:00-05:00,3.868469477354989,4.71159818380875,3.8519378504299264,4.678534030914307,108921542,0.0,0.0
1999-01-07 00:00:00-05:00,4.498749219852716,5.207556316665855,4.465686410545959,4.926513671875,118450253,0.0,0.0
1999-01-08 00:00:00-05:00,5.207556187891447,5.306747760014458,4.745695486383952,4.833520889282227,89453549,0.0,0.0
1999-01-11 00:00:00-05:00,5.0267384867018,5.042237114773345,4.5958750080327455,4.819056510925293,43982611,0.0,0.0
1999-01-12 00:00:00-05:00,4.628937831390701,4.835586765462419,3.967661062552338,3.9759268760681152,63262426,0.0,0.0
1999-01-13 00:00:00-05:00,3.587427397335622,3.9015339933628614,3.510967483076267,3.5626301765441895,77586854,0.0,0.0
1999-01-14 00:00:00-05:00,3.711416785862798,3.996592088487715,3.622557262624521,3.724848508834839,70641331,0.0,0.0
1999-01-15 00:00:00-05:00,3.7610124993545444,4.000725399736165,3.6700876372368207,3.6928184032440186,44786650,0.0,0.0
1999-01-19 00:00:00-05:00,4.0916508495370145,4.132980365497817,3.529565656484045,3.8002750873565674,36757670,0.0,0.0
1999-01-20 00:00:00-05:00,3.7961421613994517,3.812674686935101,3.471703597240845,3.533698320388794,52302413,0.0,0.0
1999-01-21 00:00:00-05:00,3.2567890893365647,3.3394483572083424,2.978846135169479,3.004676580429077,90029491,0.0,0.0
1999-01-22 00:00:00-05:00,2.7442996151978183,3.637023830123629,2.7442996151978183,3.2526564598083496,125966016,0.0,0.0
1999-01-25 00:00:00-05:00,3.3063846935971872,3.6008601995173444,3.025342260983358,3.595694065093994,108978566,0.0,0.0
1999-01-26 00:00:00-05:00,3.620491063633399,3.880869167354102,3.521299490696411,3.6514885425567627,84680640,0.0,0.0
1999-01-27 00:00:00-05:00,5.042236275086977,5.191023169700699,4.695065805436555,5.017437934875488,251110886,0.0,0.0
1999-01-28 00:00:00-05:00,5.025704956367965,5.056702209253208,4.728129800294156,4.837653636932373,66746592,0.0,0.0
1999-01-29 00:00:00-05:00,4.728130561579072,4.903782288907052,4.496683230647265,4.5896759033203125,91791533,0.0,0.0
1999-02-01 00:00:00-05:00,4.612406795090228,4.62893842423906,4.323097441196818,4.331364154815674,66256186,0.0,0.0
1999-02-02 00:00:00-05:00,4.30036694545418,4.30036694545418,4.050321556750143,4.20324182510376,49086259,0.0,0.0
1999-02-03 00:00:00-05:00,4.116447546983833,4.628937374323501,4.083384745707551,4.600006580352783,53545536,0.0,0.0
1999-02-04 00:00:00-05:00,4.529747365560856,4.595875238230944,3.918066678593328,3.9511303901672363,217672013,0.0,0.0
1999-02-05 00:00:00-05:00,4.058587326131606,4.0833856688810615,3.6370235907908244,3.6576879024505615,105733901,0.0,0.0
1999-02-08 00:00:00-05:00,3.8023418322433793,4.039988477709955,3.6886850927332477,3.8188743591308594,80677555,0.0,0.0
1999-02-09 00:00:00-05:00,3.8188746061872063,3.835405785577594,3.4717041057116034,3.519232988357544,48128256,0.0,0.0
1999-02-10 00:00:00-05:00,3.469637732964602,3.5770951214898767,3.174129015475649,3.504767894744873,71650656,0.0,0.0
1999-02-11 00:00:00-05:00,3.6246234361772918,3.9759267969142296,3.5212989711984455,3.959395170211792,75174739,0.0,0.0
1999-02-12 00:00:00-05:00,3.8994666734939685,4.095783786216572,3.7744446732726935,3.9015331268310547,69090278,0.0,0.0
1999-02-16 00:00:00-05:00,3.9883266080332302,4.066852737695343,3.7734114048534635,3.8209407329559326,36124704,0.0,0.0
1999-02-17 00:00:00-05:00,3.9428631041899154,4.06685301604793,3.798209106066642,3.851938247680664,66951878,0.0,0.0
1999-02-18 00:00:00-05:00,3.874670000121769,3.9387300588149174,3.678352871330155,3.887068271636963,43047418,0.0,0.0
1999-02-19 00:00:00-05:00,3.9139327472579364,3.9924588731388204,3.831272366134984,3.959395170211792,36124704,0.0,0.0
1999-02-22 00:00:00-05:00,4.046186954444914,4.7115979398702805,3.992458720198029,4.608273029327393,100812730,0.0,0.0
1999-02-23 00:00:00-05:00,4.69299962875229,4.901715033727746,4.595874513698151,4.67233419418335,115599053,0.0,0.0
1999-02-24 00:00:00-05:00,4.800457571921348,5.000907186085273,4.7115991597490705,4.728130340576172,94386125,0.0,0.0
1999-02-25 00:00:00-05:00,4.802522851200916,4.957509994477918,4.649603060256492,4.951310634613037,73549555,0.0,0.0
1999-02-26 00:00:00-05:00,5.08356512084503,5.556791434781508,4.953376773848157,5.521661281585693,197000813,0.0,0.0
1999-03-01 00:00:00-05:00,5.401804899339565,5.8564336347124915,5.062901149762404,5.339810848236084,280586592,0.0,0.0
1999-03-02 00:00:00-05:00,5.4865320185224,6.001087928607844,5.41833770470212,5.805804252624512,186358234,0.0,3.0
1999-03-03 00:00:00-05:00,6.10957907039884,6.199470925699354,5.827503434345149,6.125077247619629,102354278,0.0,0.0
1999-03-04 00:00:00-05:00,6.391655071753191,6.503245370489366,6.125077597684656,6.4877471923828125,104631437,0.0,0.0
1999-03-05 00:00:00-05:00,6.88761235315895,7.492061025567015,6.695429027708275,7.402168273925781,158532422,0.0,0.0
1999-03-08 00:00:00-05:00,7.656346211001662,8.480875968933105,7.550954837805113,8.480875968933105,165966451,0.0,0.0
1999-03-09 00:00:00-05:00,8.685459639731977,8.797049933168605,8.003517359318055,8.245296478271484,127629216,0.0,0.0
1999-03-10 00:00:00-05:00,8.307291858295779,8.369286365668305,7.538557179838728,7.690443992614746,92867386,0.0,0.0
1999-03-11 00:00:00-05:00,7.637748973407061,7.978719652850048,7.191386465810428,7.439365386962891,66729485,0.0,0.0
1999-03-12 00:00:00-05:00,7.147991576821548,7.389771174028096,6.881414083735413,7.042600631713867,58109357,0.0,0.0
1999-03-15 00:00:00-05:00,7.216185996322023,7.820633873360444,7.0611983584035105,7.777237892150879,65955859,0.0,0.0
1999-03-16 00:00:00-05:00,7.9663199301068675,8.205000031979948,7.6997433799585,7.826832294464111,44619379,0.0,0.0
1999-03-17 00:00:00-05:00,7.662545733606014,7.873327573053164,7.492060409067227,7.7245402336120605,32068397,0.0,0.0
1999-03-18 00:00:00-05:00,7.724540490422763,8.13370546272785,7.550954805781607,7.972519397735596,36637920,0.0,0.0
1999-03-19 00:00:00-05:00,8.136807273729492,8.170904437662715,7.761738470464025,7.9229254722595215,31741459,0.0,0.0
1999-03-22 00:00:00-05:00,7.860929800408513,8.034514601158026,7.63774921386708,7.693543910980225,23900659,0.0,0.0
1999-03-23 00:00:00-05:00,7.588152113143153,7.637748795261231,6.993003165780927,7.259580612182617,36472550,0.0,0.0
1999-03-24 00:00:00-05:00,7.123192432899917,7.240982087981875,6.807019633020284,7.209985733032227,34214400,0.0,0.0
1999-03-25 00:00:00-05:00,7.922925505233935,8.108909055776957,7.736941954690914,7.904327869415283,58692902,0.0,0.0
1999-03-26 00:00:00-05:00,7.736939799731722,8.034513577526655,7.588151562267789,7.662545680999756,27183341,0.0,0.0
1999-03-29 00:00:00-05:00,7.352573590121724,7.631549786833687,7.240982392201362,7.329325199127197,51834816,0.0,0.0
1999-03-30 00:00:00-05:00,7.216185177243389,7.2409821715849665,6.7078281380688365,6.800820350646973,67415674,0.0,0.0
1999-03-31 00:00:00-05:00,6.577638385346855,7.191386314681687,6.571439024828875,6.810118675231934,52091424,0.0,0.0
1999-04-01 00:00:00-05:00,7.141792064168667,7.141792064168667,6.602437727815516,6.875214576721191,41021165,0.0,0.0
1999-04-05 00:00:00-04:00,6.918609582769041,7.779561461200454,6.72022644784775,7.377370357513428,80255578,0.0,0.0
1999-04-06 00:00:00-04:00,7.426966761416154,7.811333869396702,7.265780235827909,7.538557052612305,46208448,0.0,0.0
1999-04-07 00:00:00-04:00,7.78653542705414,7.811333768691585,7.253381420859644,7.439365386962891,32471366,0.0,0.0
1999-04-08 00:00:00-04:00,7.501360000988667,8.533571707647377,7.302976423563321,8.518073081970215,95665363,0.0,0.0
1999-04-09 00:00:00-04:00,8.282494293451316,9.47279326215812,8.232898503088533,9.094625473022461,119370240,0.0,0.0
1999-04-12 00:00:00-04:00,8.927237318359493,9.671173087272907,8.493274037289767,8.759851455688477,110113344,0.0,0.0
1999-04-13 00:00:00-04:00,8.660663586471344,9.217066147174014,8.573871612548828,8.573871612548828,116002022,0.0,0.0
1999-04-14 00:00:00-04:00,8.927236528471107,8.933435438252928,7.98491683243516,8.077909469604492,68124672,0.0,0.0
1999-04-15 00:00:00-04:00,8.03451428014196,9.026429956348766,7.563354783465921,8.871442794799805,97298150,0.0,0.0
1999-04-16 00:00:00-04:00,8.704057691015791,8.94273689159758,8.43128043430017,8.72885513305664,43615757,0.0,0.0
1999-04-19 00:00:00-04:00,8.573869280793403,8.623464167235744,7.538557146376703,7.643948078155518,55761869,0.0,0.0
1999-04-20 00:00:00-04:00,7.448662561039793,8.127505213749279,7.253379821777344,8.059310913085938,55292371,0.0,0.0
1999-04-21 00:00:00-04:00,8.164702547246499,8.456077420255005,8.046913355338958,8.27009391784668,29156371,0.0,0.0
1999-04-22 00:00:00-04:00,8.480875125970257,8.691656952368186,8.152303217426477,8.530471801757812,27875232,0.0,0.0
1999-04-23 00:00:00-04:00,8.549069939106355,10.117535460340141,8.43127984996489,9.925353050231934,145219219,0.0,0.0
1999-04-26 00:00:00-04:00,10.390313095564085,10.793279158090117,10.074139875574243,10.365514755249023,111953318,0.0,0.0
1999-04-27 00:00:00-04:00,11.599210444209247,11.605409355036874,10.06794101695455,10.377914428710938,194659027,0.0,0.0
1999-04-28 00:00:00-04:00,10.216729100217334,10.216729100217334,9.503790408674073,9.550286293029785,108461549,0.0,0.0
1999-04-29 00:00:00-04:00,8.877642462676564,10.712685535212962,8.877642462676564,10.663089752197266,134586144,0.0,0.0
1999-04-30 00:00:00-04:00,10.756084059305767,11.01026192439823,9.869559638878535,10.322120666503906,90751795,0.0,0.0
1999-05-03 00:00:00-04:00,9.922253587869982,10.11133700065249,9.423195863927221,9.454193115234375,57702586,0.0,0.0
1999-05-04 00:00:00-04:00,9.423196356018769,9.962550175208843,8.72885537315494,8.989233016967773,70591910,0.0,0.0
1999-05-05 00:00:00-04:00,8.896241094556185,9.423196182692186,8.332088943975567,9.26511001586914,75864730,0.0,0.0
1999-05-06 00:00:00-04:00,9.24341149798869,9.522387665771362,8.679259352389192,8.704057693481445,49859885,0.0,0.0
1999-05-07 00:00:00-04:00,8.865244281838693,9.262010570139042,8.580068287361712,8.76295280456543,57029702,0.0,0.0
1999-05-10 00:00:00-04:00,9.038826676678358,9.708369160383816,8.927236412568147,9.590579986572266,65343802,0.0,0.0
1999-05-11 00:00:00-04:00,9.801365280974503,9.96875118617176,9.55958524055868,9.686675071716309,45731347,0.0,0.0
1999-05-12 00:00:00-04:00,9.66497538933006,10.012145877926516,9.317804900733604,9.857159614562988,36805190,0.0,0.0
1999-05-13 00:00:00-04:00,9.999748792451927,10.235329030154608,9.423197820528188,9.547186851501465,35278848,0.0,0.0
1999-05-14 00:00:00-04:00,9.20001694336592,9.472793343171828,9.13802153059886,9.21861457824707,34929101,0.0,0.0
1999-05-17 00:00:00-04:00,9.026430382770632,9.869558747377043,8.685459690108232,9.841660499572754,49483526,0.0,0.0
1999-05-18 00:00:00-04:00,9.671173373870403,9.869557390249023,9.373599596913246,9.401497840881348,39928205,0.0,0.0
1999-05-19 00:00:00-04:00,9.497589834555496,9.854060050724664,9.497589834555496,9.761067390441895,43277414,0.0,0.0
1999-05-20 00:00:00-04:00,9.720769339817306,9.795162553843271,9.2496090211573,9.25580883026123,25278739,0.0,0.0
1999-05-21 00:00:00-04:00,9.203114500370262,9.522387634228615,9.0512281454803,9.446443557739258,27930355,0.0,0.0
1999-05-24 00:00:00-04:00,9.420096607737545,9.423196512890618,8.697858265025912,9.088425636291504,40886208,0.0,0.0
1999-05-25 00:00:00-04:00,8.945837699689395,9.00163239943593,8.102709301432885,8.130606651306152,72021312,0.0,0.0
1999-05-26 00:00:00-04:00,8.065511784801727,8.778451311745142,7.5106593294086474,8.645162582397461,99261677,0.0,0.0
1999-05-27 00:00:00-04:00,8.580066451307411,8.85594267115492,8.30729013599473,8.381683349609375,45297965,0.0,0.0
1999-05-28 00:00:00-04:00,8.412679706736652,8.902437600091574,8.192599094669692,8.787748336791992,38981606,0.0,0.0
1999-06-01 00:00:00-04:00,8.629663101945471,9.0636264056832,8.084110415990589,8.257695198059082,50779872,0.0,0.0
1999-06-02 00:00:00-04:00,8.056211825809301,8.702506896418322,7.513757719406479,8.372385025024414,103969958,0.0,0.0
1999-06-03 00:00:00-04:00,8.4498786944156,8.480875945494954,7.935322348600756,8.00041675567627,52671168,0.0,0.0
1999-06-04 00:00:00-04:00,7.997316776623666,8.400282835008438,7.805134361139829,8.356886863708496,48974112,0.0,0.0
1999-06-07 00:00:00-04:00,8.400283553130421,9.249610814762706,8.400283553130421,9.088425636291504,67708397,0.0,0.0
1999-06-08 00:00:00-04:00,9.076025957726268,9.268209287456639,8.784651057997433,9.113222122192383,46027872,0.0,0.0
1999-06-09 00:00:00-04:00,9.119423794865371,9.125622706742362,8.84664649903161,9.076026916503906,29933798,0.0,0.0
1999-06-10 00:00:00-04:00,8.939636847400307,9.24961026235123,8.716456276329838,9.060526847839355,44974829,0.0,0.0
1999-06-11 00:00:00-04:00,8.952037133993912,9.010930837549154,8.108907872139039,8.226698875427246,103627814,0.0,0.0
1999-06-14 00:00:00-04:00,7.910523980046564,7.935321418385437,6.621034260796984,6.745023250579834,283519526,0.0,0.0
1999-06-15 00:00:00-04:00,6.602436641428452,7.092194656962795,6.28316395983708,6.720226287841797,210078317,0.0,0.0
1999-06-16 00:00:00-04:00,7.067396484437814,7.461063748270817,6.943407924156396,7.377370357513428,124245792,0.0,0.0
1999-06-17 00:00:00-04:00,7.399069719079127,7.808234761258099,7.22238499839731,7.2781805992126465,108900634,0.0,0.0
1999-06-18 00:00:00-04:00,7.414567374929551,7.423867090598649,7.10459483351508,7.250282287597656,37339315,0.0,0.0
1999-06-21 00:00:00-04:00,7.526157841252935,7.786535020587723,7.04259919500907,7.541656017303467,77934701,0.0,0.0
1999-06-22 00:00:00-04:00,7.575753018203997,7.93532220297925,7.318475299540066,7.349472999572754,76254394,0.0,0.0
1999-06-23 00:00:00-04:00,7.31847612720369,7.519958278308171,7.042599847225084,7.262680530548096,58257619,0.0,0.0
1999-06-24 00:00:00-04:00,7.284379284872292,7.414567667498995,6.96200621080082,7.048799514770508,42001978,0.0,0.0
1999-06-25 00:00:00-04:00,7.1417899058778636,7.15108872049388,6.555939861352139,6.745023250579834,51502176,0.0,0.0
1999-06-28 00:00:00-04:00,6.727976744214006,6.955806747610807,6.323461129168418,6.946507930755615,96716506,0.0,0.0
1999-06-29 00:00:00-04:00,6.862814997492521,7.123192191948543,6.645832878306998,6.980604648590088,73477325,0.0,0.0
1999-06-30 00:00:00-04:00,6.825618353900648,7.736941572426722,6.769823651112252,7.5075602531433105,85214765,0.0,0.0
1999-07-01 00:00:00-04:00,7.597452258545689,7.783435781323972,7.234782680943626,7.4223175048828125,63665395,0.0,0.0
1999-07-02 00:00:00-04:00,7.364971383253499,7.575753232103007,7.0240002694440475,7.123191833496094,53862970,0.0,0.0
1999-07-06 00:00:00-04:00,7.0673965972198936,7.358772393188081,6.844216016394102,6.980604648590088,96705101,0.0,0.0
1999-07-07 00:00:00-04:00,7.03949954687819,7.213084788955739,6.741924846173818,6.856614589691162,79833600,0.0,0.0
1999-07-08 00:00:00-04:00,6.714027372891675,6.965105757756495,6.521844039902414,6.65513277053833,95461978,0.0,0.0
1999-07-09 00:00:00-04:00,6.710927048565273,6.831817499474063,6.65513235488251,6.732625484466553,33474989,0.0,0.0
1999-07-12 00:00:00-04:00,6.670630137995611,6.670630137995611,6.326559584074642,6.3420586585998535,78031642,0.0,0.0
1999-07-13 00:00:00-04:00,6.236668510606819,6.4226524831797445,5.9638916878502375,6.1994709968566895,106912397,0.0,0.0
1999-07-14 00:00:00-04:00,6.270765139277277,6.323460376447048,5.994888884182715,6.100279808044434,73602778,0.0,0.0
1999-07-15 00:00:00-04:00,6.109578768925662,6.410253371565453,6.0506837204950745,6.298662185668945,82549843,0.0,0.0
1999-07-16 00:00:00-04:00,6.2552663017934025,6.32346061668623,6.059982622738685,6.098730087280273,34752326,0.0,0.0
1999-07-19 00:00:00-04:00,6.128176895541014,6.131276351046186,5.815103569620668,5.836802005767822,55490054,0.0,0.0
1999-07-20 00:00:00-04:00,5.753109748914104,5.777906742531241,5.4927316512066735,5.601222038269043,54879898,0.0,0.0
1999-07-21 00:00:00-04:00,5.647718491718151,5.932894016115776,5.514429770160217,5.719012260437012,69647213,0.0,0.0
1999-07-22 00:00:00-04:00,5.632219046345903,5.647718120679064,5.374941335056605,5.390439510345459,80706067,0.0,0.0
1999-07-23 00:00:00-04:00,5.455533887392461,5.554725445310298,5.325345080005837,5.347043514251709,60894029,0.0,0.0
1999-07-26 00:00:00-04:00,5.257151534694612,5.474133661040097,5.117663442314572,5.176558494567871,82323648,0.0,0.0
1999-07-27 00:00:00-04:00,5.207556970570392,5.35324444545159,4.88518431271904,4.93787956237793,161583206,0.0,0.0
1999-07-28 00:00:00-04:00,4.916181776416663,5.294348671748634,4.897582792870048,5.204456806182861,100094227,0.0,0.0
1999-07-29 00:00:00-04:00,5.002973151918096,5.157959868460294,4.975075354141173,5.071167469024658,62578138,0.0,0.0
1999-07-30 00:00:00-04:00,5.126963328666717,5.185857933359071,4.835587513380513,4.844886779785156,45354989,0.0,0.0
1999-08-02 00:00:00-04:00,4.804589455377299,4.959576603521671,4.513214587833739,4.525613307952881,75250771,0.0,0.0
1999-08-03 00:00:00-04:00,4.575209650204706,4.587608370630641,4.0916510126720365,4.184642314910889,147319603,0.0,0.0
1999-08-04 00:00:00-04:00,4.1412466597991795,4.265236570649698,3.750680193756632,3.7568793296813965,151003354,0.0,0.0
1999-08-05 00:00:00-04:00,3.722782106853798,4.6248049745320605,3.4856519714592764,4.606206893920898,258020294,0.0,0.0
1999-08-06 00:00:00-04:00,4.414023111881684,4.860385135971948,4.091650988449768,4.128847599029541,288138470,0.0,0.0
1999-08-09 00:00:00-04:00,4.12264854559242,4.259037176751087,3.880868985507093,3.949063301086426,137275776,0.0,0.0
1999-08-10 00:00:00-04:00,4.035855659888009,4.53801330667942,3.9180660108155116,4.426422119140625,286507584,0.0,0.0
1999-08-11 00:00:00-04:00,4.635653958776173,4.637203911279955,4.2156397558828,4.348928928375244,204575501,0.0,0.0
1999-08-12 00:00:00-04:00,4.355127992985549,4.711598651021253,4.314831923598783,4.531813144683838,124521408,0.0,0.0
1999-08-13 00:00:00-04:00,4.79839140552259,4.891383629896389,4.717798354175696,4.860386371612549,104926061,0.0,0.0
1999-08-16 00:00:00-04:00,4.851086234648952,5.4431352352574285,4.745694865906032,5.405938625335693,197130067,0.0,0.0
1999-08-17 00:00:00-04:00,5.446235536350649,5.870899148929005,5.374941766591662,5.839901447296143,218417126,0.0,0.0
1999-08-18 00:00:00-04:00,6.035185086191114,6.416452723200607,5.96389131688517,6.245967388153076,230686790,0.0,0.0
1999-08-19 00:00:00-04:00,6.038285327415808,6.162274341974573,5.593472759788509,5.641518592834473,190625530,0.0,0.0
1999-08-20 00:00:00-04:00,5.657017227603556,6.143675779943733,5.5981221805720205,6.100279808044434,170254656,0.0,0.0
1999-08-23 00:00:00-04:00,6.29866210050585,6.4226520056996215,6.025885298028353,6.171573638916016,141491750,0.0,0.0
1999-08-24 00:00:00-04:00,6.066182904712118,6.39785386620812,5.864699864339822,5.895697116851807,156152621,0.0,0.0
1999-08-25 00:00:00-04:00,6.0475843605305375,6.422652671382267,5.9514922414741225,6.397854328155518,129144154,0.0,0.0
1999-08-26 00:00:00-04:00,6.4474505288619826,6.6210357838183524,6.273865723427837,6.3699564933776855,94971571,0.0,0.0
1999-08-27 00:00:00-04:00,6.459847783528541,6.459847783528541,6.149874409135183,6.311060905456543,69571181,0.0,0.0
1999-08-30 00:00:00-04:00,6.311061959068816,6.3544579330536655,5.849200825890586,5.923594951629639,81173664,0.0,0.0
1999-08-31 00:00:00-04:00,6.038286326996864,6.245968769902635,5.746910476269295,6.227369785308838,183185798,0.0,0.0
1999-09-01 00:00:00-04:00,6.227369155816417,6.249067594380559,5.979390211670801,6.047584533691406,76469184,0.0,0.0
1999-09-02 00:00:00-04:00,5.839901165733771,6.1870716312971235,5.815103275336389,6.022785663604736,83266445,0.0,0.0
1999-09-03 00:00:00-04:00,6.261465454762029,6.645832540507805,6.224268393500275,6.621035099029541,106332653,0.0,0.0
1999-09-07 00:00:00-04:00,6.55594023261379,6.751222992485028,6.475346305837826,6.636533260345459,83076365,0.0,0.0
1999-09-08 00:00:00-04:00,6.534241345379715,6.838015355431096,6.49704473882258,6.683028221130371,73496333,0.0,0.0
1999-09-09 00:00:00-04:00,6.878313322520276,7.166588770068853,6.8504155245553635,7.163488864898682,104308301,0.0,0.0
1999-09-10 00:00:00-04:00,7.389769095596527,7.8857259746519155,7.383569735750816,7.8361310958862305,171054893,0.0,0.0
1999-09-13 00:00:00-04:00,7.6749450217408866,7.718340995147538,7.278179652915135,7.337073802947998,114308410,0.0,0.0
1999-09-14 00:00:00-04:00,7.290578691023123,7.730741428100143,7.290578691023123,7.687344551086426,101782138,0.0,0.0
1999-09-15 00:00:00-04:00,7.898125818635703,7.984918666919113,7.48896171726462,7.538557052612305,130569754,0.0,0.0
1999-09-16 00:00:00-04:00,7.537782078002357,7.594352199894274,7.22858317401718,7.526158332824707,113070989,0.0,0.0
1999-09-17 00:00:00-04:00,7.12319267605179,7.315376916037565,6.850415842643684,6.993003845214844,166223059,0.0,0.0
1999-09-20 00:00:00-04:00,6.850414161608529,6.872112594438225,6.4629476694928805,6.745023250579834,99257875,0.0,0.0
1999-09-21 00:00:00-04:00,6.621034983641704,7.135590426269685,6.546640862414697,6.974404811859131,134827546,0.0,0.0
1999-09-22 00:00:00-04:00,6.965105485214186,7.439365337324656,6.79462059615243,7.395968914031982,133915162,0.0,0.0
1999-09-23 00:00:00-04:00,7.526158115798189,7.709042173940833,6.8349170525244825,6.856614589691162,156042374,0.0,0.0
1999-09-24 00:00:00-04:00,6.900011878309325,7.352573317214349,6.766723146055487,7.244082927703857,151714253,0.0,0.0
1999-09-27 00:00:00-04:00,7.352573948254046,7.386671110549786,6.8318185954384,6.88141393661499,112057862,0.0,0.0
1999-09-28 00:00:00-04:00,6.924807940741759,7.067395461180159,6.583837763627229,6.844214916229248,110008800,0.0,0.0
1999-09-29 00:00:00-04:00,6.797720462744743,7.166588485317145,6.695428990459981,6.893811225891113,110126650,0.0,0.0
1999-09-30 00:00:00-04:00,7.178986792029533,7.364970733457042,6.943407072951735,6.9961018562316895,110274912,0.0,0.0
1999-10-01 00:00:00-04:00,7.030200558463252,7.0952949747807095,6.7698233427156635,6.85506534576416,51623827,0.0,0.0
1999-10-04 00:00:00-04:00,6.856614192416571,7.005401983670133,6.751223271070707,6.906210422515869,59361984,0.0,0.0
1999-10-05 00:00:00-04:00,6.847317357705218,7.129393048005563,6.769824209087325,7.002304553985596,104682758,0.0,0.0
1999-10-06 00:00:00-04:00,7.265779790502986,7.5478558558521165,7.25028161439352,7.5230584144592285,117851501,0.0,0.0
1999-10-07 00:00:00-04:00,7.693543175265524,7.805134356909476,7.405267754107329,7.445564270019531,115378560,0.0,0.0
1999-10-08 00:00:00-04:00,7.451764207533025,7.563355404553226,7.275079494151073,7.495161533355713,57248294,0.0,0.0
1999-10-11 00:00:00-04:00,7.492061558817212,7.640848471569357,7.392869983967629,7.426967144012451,36398419,0.0,0.0
1999-10-12 00:00:00-04:00,7.408366943427088,7.414566303455067,7.172786767142312,7.1789870262146,37375430,0.0,0.0
1999-10-13 00:00:00-04:00,7.079796043125924,7.374270388372535,6.782220893807904,6.794620513916016,78647501,0.0,0.0
1999-10-14 00:00:00-04:00,6.906210993221048,7.0456990814307705,6.686129417771899,7.024000644683838,81285811,0.0,0.0
1999-10-15 00:00:00-04:00,6.695429249584488,6.875213859780349,6.596237678507846,6.652032375335693,70728768,0.0,0.0
1999-10-18 00:00:00-04:00,6.670630715611567,6.689229696556756,6.174673324001977,6.422652244567871,101683296,0.0,0.0
1999-10-19 00:00:00-04:00,6.676829310992886,6.7512229786361635,6.546640504997687,6.627233982086182,73559059,0.0,0.0
1999-10-20 00:00:00-04:00,6.79462043399309,7.2409815793920504,6.73262548083709,7.2347822189331055,80774496,0.0,0.0
1999-10-21 00:00:00-04:00,7.017800697188359,7.5013597821034494,6.912409775945591,7.364971160888672,89096198,0.0,0.0
1999-10-22 00:00:00-04:00,7.402168469423836,7.591253243370755,7.042599700973341,7.073596954345703,69483744,0.0,0.0
1999-10-25 00:00:00-04:00,7.065847073497655,7.569554679998872,7.064297120950475,7.482761383056641,99746381,0.0,0.0
1999-10-26 00:00:00-04:00,7.625349451373511,7.705942489406532,7.50445989432398,7.538557052612305,96058829,0.0,0.0
1999-10-27 00:00:00-04:00,6.918610062295906,7.064297518530461,6.648932688619644,6.8783135414123535,241181107,0.0,0.0
1999-10-28 00:00:00-04:00,6.831817483647344,6.937208409350805,6.62103518271824,6.7543230056762695,88122989,0.0,0.0
1999-10-29 00:00:00-04:00,6.794620412843856,6.807019133723152,6.676829867357441,6.7016282081604,78729235,0.0,0.0
1999-11-01 00:00:00-05:00,6.720226389444868,6.8938111814702445,6.6954289473174065,6.794620513916016,61367328,0.0,0.0
1999-11-02 00:00:00-05:00,6.73882458334054,6.745023943562179,6.348258146544758,6.509443759918213,115650374,0.0,0.0
1999-11-03 00:00:00-05:00,6.57763786855537,6.590037487661498,6.261465112713121,6.301761627197266,75619526,0.0,0.0
1999-11-04 00:00:00-05:00,6.366856674350212,6.596237513881818,6.348258592379163,6.447450160980225,63239616,0.0,0.0
1999-11-05 00:00:00-05:00,6.599337113292625,6.692329772785799,6.497046086894554,6.608636379241943,52137043,0.0,0.0
1999-11-08 00:00:00-05:00,6.565239679015088,6.955806135355471,6.552841407473547,6.794620513916016,76771411,0.0,0.0
1999-11-09 00:00:00-05:00,6.906210699973365,6.912410060414025,6.5838385627928515,6.689229488372803,40574477,0.0,0.0
1999-11-10 00:00:00-05:00,6.664431960718771,6.869014462600631,6.521843965670477,6.611735820770264,45470938,0.0,0.0
1999-11-11 00:00:00-05:00,6.611735358267786,6.732625357372306,6.497045618552879,6.602436542510986,38770618,0.0,0.0
1999-11-12 00:00:00-05:00,6.6241360553049065,6.856615477477233,6.475347786643416,6.788421154022217,46390925,0.0,0.0
1999-11-15 00:00:00-05:00,6.785321416890929,7.042600071903332,6.745024895480019,6.977505207061768,48618662,0.0,0.0
1999-11-16 00:00:00-05:00,6.97440508485634,7.2657799732971915,6.893811150690969,7.253381252288818,65801894,0.0,0.0
1999-11-17 00:00:00-05:00,7.2068851735400745,7.457964467794849,6.968206399584062,6.999203205108643,48367757,0.0,0.0
1999-11-18 00:00:00-05:00,7.054999238847639,7.63775000719365,7.042600515872921,7.5509562492370605,73009728,0.0,0.0
1999-11-19 00:00:00-05:00,7.4269669418785496,7.470362917552497,7.166588840223787,7.237882614135742,47544710,0.0,0.0
1999-11-22 00:00:00-05:00,7.209985166055486,7.876427872609601,7.172787205525542,7.6532464027404785,94935456,0.0,0.0
1999-11-23 00:00:00-05:00,7.588152158076006,8.580067825423606,7.526158103150068,8.31039047241211,151839706,0.0,0.0
1999-11-24 00:00:00-05:00,8.36928786112277,8.911741695648832,8.304193436941425,8.90244197845459,94408934,0.0,0.0
1999-11-26 00:00:00-05:00,9.026427475055792,9.224810555763225,8.753651188605144,8.787748336791992,36162720,0.0,0.0
1999-11-29 00:00:00-05:00,8.859044614826445,8.92723893411235,8.390984994614605,8.41268253326416,70259270,0.0,0.0
1999-11-30 00:00:00-05:00,8.381685569751689,8.511874402344937,8.1585049707474,8.186402320861816,54492134,0.0,0.0
1999-12-01 00:00:00-05:00,7.789634846180989,8.177101380597037,7.736940059197042,7.935322284698486,61852032,0.0,0.0
1999-12-02 00:00:00-05:00,7.947720487085486,8.30728961144786,7.9291210610509495,8.285592079162598,49257331,0.0,0.0
1999-12-03 00:00:00-05:00,8.425080759852916,8.99543176459688,8.40648223048544,8.865242958068848,98393011,0.0,0.0
1999-12-06 00:00:00-05:00,8.815648030822091,9.020230974577945,8.580067834808268,8.753653526306152,37573114,0.0,0.0
1999-12-07 00:00:00-05:00,8.762952676995795,8.84044581059994,8.05311305585746,8.121307373046875,101265120,0.0,0.0
1999-12-08 00:00:00-05:00,8.133706516530154,8.437481054487007,7.944623080918933,8.05621337890625,73802362,0.0,0.0
1999-12-09 00:00:00-05:00,8.245296211944515,8.43128062769446,7.829931406355543,7.966320037841797,70582406,0.0,0.0
1999-12-10 00:00:00-05:00,8.257695561137108,8.294892622874542,7.941522334457651,8.155404090881348,58926701,0.0,0.0
1999-12-13 00:00:00-05:00,8.174003042555366,8.43438161771616,7.960122150640864,8.00971794128418,44898797,0.0,0.0
1999-12-14 00:00:00-05:00,8.012817362696106,8.062412251298756,7.445565260530876,7.467263698577881,53872474,0.0,0.0
1999-12-15 00:00:00-05:00,7.662546702017312,7.932223170743711,7.216185076803893,7.231683254241943,87980429,0.0,0.0
1999-12-16 00:00:00-05:00,7.513758107312417,7.699742959923528,7.126291574841821,7.389769554138184,59607187,0.0,0.0
1999-12-17 00:00:00-05:00,7.609850752246148,7.612950657341791,7.290578058760729,7.457963943481445,57208378,0.0,0.0
1999-12-20 00:00:00-05:00,7.433165511371909,7.668745694907708,7.340172860479179,7.392868995666504,51194246,0.0,0.0
1999-12-21 00:00:00-05:00,7.364972417410907,7.637749706378412,7.141791816477933,7.1603899002075195,50183021,0.0,0.0
1999-12-22 00:00:00-05:00,7.259580730974682,7.42076725336288,6.887612351835223,7.414566993713379,71230579,0.0,0.0
1999-12-23 00:00:00-05:00,7.513758720087678,7.5354571569468725,7.054998383748587,7.058097839355469,32167238,0.0,0.0
1999-12-27 00:00:00-05:00,6.977504386830956,6.989903107566538,6.484646921431281,6.645832538604736,67993517,0.0,0.0
1999-12-28 00:00:00-05:00,6.52494419964327,7.116993298115437,6.459849334856502,6.937209129333496,66566016,0.0,0.0
1999-12-29 00:00:00-05:00,6.968206990163594,7.253382569903903,6.94340909411999,7.120093822479248,31378406,0.0,0.0
1999-12-30 00:00:00-05:00,7.13559013830569,7.271978755688207,6.5962368268755815,6.692328929901123,37706170,0.0,0.0
1999-12-31 00:00:00-05:00,6.5714394333502915,6.596237776008212,6.199471036314741,6.208770751953125,44898797,0.0,0.0
2000-01-03 00:00:00-05:00,6.453649572676038,7.030200007826618,5.821303992126651,7.005402565002441,116192102,0.0,0.0
2000-01-04 00:00:00-05:00,6.720226422376172,6.946507353358923,6.298662262266277,6.3482584953308105,80316403,0.0,0.0
2000-01-05 00:00:00-05:00,6.013486244425128,6.893810656691405,5.963890914423368,6.772921562194824,104891846,0.0,0.0
2000-01-06 00:00:00-05:00,6.64273271174021,7.309175871449009,6.469147922268634,6.689229488372803,104893747,0.0,0.0
2000-01-07 00:00:00-05:00,6.645831614573236,6.881411771016183,6.407152003138429,6.683028221130371,51260774,0.0,0.0
2000-01-10 00:00:00-05:00,6.996102897390209,7.228583195913869,6.943408106268228,7.054998397827148,59533056,0.0,0.0
2000-01-11 00:00:00-05:00,7.042598571477048,7.191385453706297,6.670629792576447,6.903110504150391,53849664,0.0,0.0
2000-01-12 00:00:00-05:00,6.825617451952046,6.900011577898699,6.425751722121984,6.466048240661621,50848301,0.0,0.0
2000-01-13 00:00:00-05:00,6.621035769956842,6.862815344091877,6.546641639894777,6.8349175453186035,45824486,0.0,0.0
2000-01-14 00:00:00-05:00,6.949606106607381,7.1386899560649795,6.57453831242115,6.636533260345459,55461542,0.0,0.0
2000-01-18 00:00:00-05:00,6.503244367625203,6.958905657828646,6.500144912290752,6.918609142303467,42982790,0.0,0.0
2000-01-19 00:00:00-05:00,6.900010801942196,7.166587775342981,6.7946198845734145,7.129390716552734,42939072,0.0,0.0
2000-01-20 00:00:00-05:00,7.18518599500488,7.721439823429954,7.138689673521399,7.681143760681152,99018374,0.0,0.0
2000-01-21 00:00:00-05:00,7.600551935214166,7.873328299847609,7.395968987455783,7.464163303375244,54334368,0.0,0.0
2000-01-24 00:00:00-05:00,7.4827606663038,7.4889609254208125,6.61483452285072,6.763622760772705,65153722,0.0,0.0
2000-01-25 00:00:00-05:00,6.900011920936593,7.19138683094325,6.63343445478204,6.819418430328369,86341939,0.0,0.0
2000-01-26 00:00:00-05:00,7.271980536309062,7.822183649145807,7.042600563545962,7.616050720214844,188994643,0.0,0.0
2000-01-27 00:00:00-05:00,7.464163016646634,7.668745956546162,7.3587720912428125,7.63464879989624,61430054,0.0,0.0
2000-01-28 00:00:00-05:00,7.488961509989624,7.588152177939654,7.191386359484183,7.318475723266602,46461254,0.0,0.0
2000-01-31 00:00:00-05:00,7.240981322935777,7.5695541584554356,7.191385991498572,7.442464351654053,38827642,0.0,0.0
2000-02-01 00:00:00-05:00,7.364971249350265,7.612950154971851,7.352572528830271,7.485860347747803,27274579,0.0,0.0
2000-02-02 00:00:00-05:00,7.535456167123872,7.755537265280621,7.399068001236883,7.4889607429504395,28956787,0.0,0.0
2000-02-03 00:00:00-05:00,7.699742844494818,8.25149623573762,7.637748344075991,8.18330192565918,82131667,0.0,0.0
2000-02-04 00:00:00-05:00,7.935322691194595,8.493275032800293,7.9105252488782645,8.335188865661621,73792858,0.0,0.0
2000-02-07 00:00:00-05:00,8.201898325854756,8.50567277079658,8.124405211959061,8.40958023071289,32028480,0.0,0.0
2000-02-08 00:00:00-05:00,8.549070230054063,8.679259043787326,8.30729113298434,8.4188814163208,47362234,0.0,0.0
2000-02-09 00:00:00-05:00,8.38168501935788,8.38478492451025,7.997317458485495,8.133706092834473,33665069,0.0,0.0
2000-02-10 00:00:00-05:00,8.108908640062618,8.195702397671061,7.848531862459874,8.05311393737793,32497978,0.0,0.0
2000-02-11 00:00:00-05:00,8.0717110574487,8.084110677246288,7.526157904340911,7.60675048828125,22906541,0.0,0.0
2000-02-14 00:00:00-05:00,7.650146989438601,7.913625442691166,7.523058969124577,7.643948078155518,30281645,0.0,0.0
2000-02-15 00:00:00-05:00,7.569554092710837,7.662545844060369,7.14489005336375,7.364971160888672,49434106,0.0,0.0
2000-02-16 00:00:00-05:00,7.358772882094057,7.358772882094057,6.9434084962696385,6.977505207061768,32832518,0.0,0.0
2000-02-17 00:00:00-05:00,7.0116016223977065,7.20998520210919,6.974405010248304,7.203784942626953,43338240,0.0,0.0
2000-02-18 00:00:00-05:00,7.222384537071766,7.240982170444464,6.794620988610824,6.8070197105407715,26474342,0.0,0.0
2000-02-22 00:00:00-05:00,6.903111683133604,7.011602071066206,6.577638721246948,6.670630931854248,37599725,0.0,0.0
2000-02-23 00:00:00-05:00,6.931009455421963,7.836132316705094,6.906211113131417,7.684244155883789,80787802,0.0,0.0
2000-02-24 00:00:00-05:00,7.637749138832078,8.133706092834473,7.457964079960952,8.133706092834473,61507987,0.0,0.0
2000-02-25 00:00:00-05:00,8.04691449096502,8.096509379370888,7.439365869937439,7.47966194152832,32745082,0.0,0.0
2000-02-28 00:00:00-05:00,7.337073192886012,7.467262450847586,7.085994840827441,7.194485664367676,45594490,0.0,0.0
2000-02-29 00:00:00-05:00,7.247182738864626,7.377371122758246,6.869014961074628,7.110794544219971,30705523,0.0,0.0
2000-03-01 00:00:00-05:00,7.3370738637541395,7.709042242965087,7.216184758603601,7.402168273925781,57881261,0.0,0.0
2000-03-02 00:00:00-05:00,7.306076192008931,7.612950143441118,7.182087188908105,7.445564270019531,23434963,0.0,0.0
2000-03-03 00:00:00-05:00,7.457963866515728,7.6160495847958805,7.141791081388834,7.414566993713379,20302445,0.0,0.0
2000-03-06 00:00:00-05:00,7.426968079897731,8.183304158194145,7.408369095366958,8.012818336486816,53473306,0.0,0.0
2000-03-07 00:00:00-05:00,8.239096898277221,8.344487372785762,7.966319648631778,8.074810028076172,45957542,0.0,0.0
2000-03-08 00:00:00-05:00,8.130606184765261,9.175217580941187,7.885727163482076,9.125621795654297,88556371,0.0,0.0
2000-03-09 00:00:00-05:00,8.970633640708435,9.119421879213425,8.67925877140624,9.051227569580078,66356928,0.0,0.0
2000-03-10 00:00:00-05:00,8.896240911357232,10.098938413596349,8.815647877083126,9.584382057189941,96406675,0.0,0.0
2000-03-13 00:00:00-05:00,9.128721902157285,11.010260980364391,8.970634827355923,10.40271282196045,118879834,0.0,0.0
2000-03-14 00:00:00-05:00,10.746783467000679,11.134250044032202,10.365515801390284,10.464707374572754,67465094,0.0,0.0
2000-03-15 00:00:00-05:00,10.774679090945712,10.774679090945712,9.200014692110672,9.39917278289795,82553645,0.0,0.0
2000-03-16 00:00:00-05:00,9.48829148762345,10.911069820396419,9.138021064486447,10.886271476745605,92952922,0.0,0.0
2000-03-17 00:00:00-05:00,10.793281130281043,11.106354502556961,10.464708230573358,10.858375549316406,42836429,0.0,0.0
2000-03-20 00:00:00-05:00,10.889368134053212,10.889368134053212,9.671172229295939,9.726967811584473,53800243,0.0,0.0
2000-03-21 00:00:00-05:00,9.72387068115598,10.712685537640283,9.42319607798437,10.63829231262207,51817709,0.0,0.0
2000-03-22 00:00:00-05:00,10.514303226900486,11.91538296325516,10.365514979874508,11.537215232849121,74627309,0.0,0.0
2000-03-23 00:00:00-05:00,11.4039255422127,11.85338745297141,11.072254616693582,11.087752342224121,56345414,0.0,0.0
2000-03-24 00:00:00-05:00,11.416328478299702,12.38654589515538,11.273740910971357,12.088971138000488,78854688,0.0,0.0
2000-03-27 00:00:00-05:00,11.906083052340737,12.646919819127225,11.69530122018007,11.893683433532715,48873370,0.0,0.0
2000-03-28 00:00:00-05:00,12.002174979444806,12.25092976950637,11.059856002378988,11.100152969360352,47383142,0.0,0.0
2000-03-29 00:00:00-05:00,11.041257553915038,11.097052243708504,9.819961601390796,9.86955738067627,72103046,0.0,0.0
2000-03-30 00:00:00-05:00,9.671174639732886,10.387214078535342,9.522388181301764,10.272523880004883,64509350,0.0,0.0
2000-03-31 00:00:00-05:00,9.965649806192395,10.018344595290298,8.673060438942539,8.72885513305664,131387098,0.0,0.0
2000-04-03 00:00:00-04:00,8.88384213137208,9.063626729563442,7.054997998902941,7.1045942306518555,121061952,0.0,0.0
2000-04-04 00:00:00-04:00,7.358771788698419,8.48087575942511,6.5094437113897925,8.282492637634277,158562835,0.0,0.0
2000-04-05 00:00:00-04:00,8.015915628975886,9.311604754423561,7.733839588218917,8.22979736328125,78987744,0.0,0.0
2000-04-06 00:00:00-04:00,8.49017531390685,9.051228471909333,8.400283459733682,9.026430130004883,108284774,0.0,0.0
2000-04-07 00:00:00-04:00,8.877643645718587,9.150420039133135,8.691659209864193,8.970635414123535,59808672,0.0,0.0
2000-04-10 00:00:00-04:00,8.871441516470401,8.871441516470401,7.687342685762766,7.721439838409424,72142963,0.0,0.0
2000-04-11 00:00:00-04:00,7.662547168212692,8.183303403276366,7.588153035041673,7.715242862701416,80641440,0.0,0.0
2000-04-12 00:00:00-04:00,7.787311132558331,7.922924800381347,7.061197856300661,7.110794544219971,71684870,0.0,0.0
2000-04-13 00:00:00-04:00,7.426966589908116,7.798934068798184,6.844215906383036,6.884512424468994,88786368,0.0,0.0
2000-04-14 00:00:00-04:00,6.881413466031465,7.203785634006389,6.627235168462345,6.9217095375061035,137591309,0.0,0.0
2000-04-17 00:00:00-04:00,6.5590401766356115,7.290577739718832,6.546641006317838,7.1045942306518555,104355821,0.0,0.0
2000-04-18 00:00:00-04:00,7.079021765471364,8.084111677488707,7.073597380660943,8.081011772155762,62477395,0.0,0.0
2000-04-19 00:00:00-04:00,7.935324344057431,8.13370752008721,7.4393668535052715,7.4548659324646,52865050,0.0,0.0
2000-04-20 00:00:00-04:00,7.631550110400499,7.730741691172311,7.061198071440331,7.4517645835876465,37223366,0.0,0.0
2000-04-24 00:00:00-04:00,7.287478699005904,7.315376496666902,6.233568041949484,7.036400318145752,53819251,0.0,0.0
2000-04-25 00:00:00-04:00,7.098395266832143,7.733841735927846,6.9744062381566065,7.616050720214844,93909024,0.0,0.0
2000-04-26 00:00:00-04:00,7.991118320056997,8.00041713620535,7.340173319296191,7.402168273925781,120961210,0.0,0.0
2000-04-27 00:00:00-04:00,7.19758631266755,8.124407649273468,7.09839473750601,8.031414985656738,72620064,0.0,0.0
2000-04-28 00:00:00-04:00,8.028314869222186,8.084110459676609,7.752437720860375,7.895025253295898,56408141,0.0,0.0
2000-05-01 00:00:00-04:00,7.9043266709891284,7.910525582307301,7.612950867702221,7.71834135055542,44410291,0.0,0.0
2000-05-02 00:00:00-04:00,7.6191502563813485,7.637749688634452,7.104595182991178,7.110794544219971,37835424,0.0,0.0
2000-05-03 00:00:00-04:00,7.1045955121362905,7.253382436131604,6.689230648685828,6.943408966064453,48483706,0.0,0.0
2000-05-04 00:00:00-04:00,7.030199768222295,7.2099852682699295,6.608636062223836,6.791520118713379,58010515,0.0,0.0
2000-05-05 00:00:00-04:00,6.726426021474731,6.893810999015976,6.528042893527996,6.645832538604736,56560205,0.0,0.0
2000-05-08 00:00:00-04:00,6.559041329378172,6.695429979232898,6.3482594426310195,6.373056888580322,28707782,0.0,0.0
2000-05-09 00:00:00-04:00,6.428852195819877,6.447450728951515,5.812004293291047,6.010387897491455,62082029,0.0,0.0
2000-05-10 00:00:00-04:00,5.873999249916777,6.001088626867373,5.458634857231933,5.505130290985107,72677088,0.0,0.0
2000-05-11 00:00:00-04:00,5.675615471682946,5.939093463190238,5.579524259853172,5.839901447296143,57025901,0.0,0.0
2000-05-12 00:00:00-04:00,5.901896116807119,6.17467291119306,5.870898866189259,6.0165863037109375,40688525,0.0,0.0
2000-05-15 00:00:00-04:00,5.988688364958283,6.345158536611661,5.722111386700581,6.323460102081299,32600621,0.0,0.0
2000-05-16 00:00:00-04:00,6.335858750900253,6.8442157470002165,6.2986621387341115,6.689229488372803,65718259,0.0,0.0
2000-05-17 00:00:00-04:00,6.509444605342672,6.614835540887024,6.261466118570998,6.354458332061768,37115021,0.0,0.0
2000-05-18 00:00:00-04:00,6.42265145253362,6.540441088135084,6.149874673549665,6.1529741287231445,34157376,0.0,0.0
2000-05-19 00:00:00-04:00,5.982489475925096,6.118877655827913,5.746909279471784,5.861599922180176,33722093,0.0,0.0
2000-05-22 00:00:00-04:00,5.908095695063534,6.927908244873456,5.430736399651817,6.7543230056762695,91103443,0.0,0.0
2000-05-23 00:00:00-04:00,6.52184363883616,6.645832646289732,5.746909195596029,5.753109455108643,97720128,0.0,0.0
2000-05-24 00:00:00-04:00,5.790306684815949,6.500145895974379,5.629120148800294,6.4443511962890625,99406138,0.0,0.0
2000-05-25 00:00:00-04:00,6.497045988715998,6.695429127244389,6.00108814239502,6.0010881423950195,41037322,0.0,2.0
2000-05-26 00:00:00-04:00,6.106479192431989,6.298662060849142,5.802704690807539,6.143675804138184,19943194,0.0,0.0
2000-05-30 00:00:00-04:00,6.335859364558547,6.658232881529031,6.298662748789734,6.647383213043213,25800509,0.0,0.0
2000-05-31 00:00:00-04:00,6.597787743671733,6.769823043407869,6.199471050462848,6.205671310424805,24047021,0.0,0.0
2000-06-01 00:00:00-04:00,6.360656132561481,6.831816445447376,6.304860548442604,6.683028221130371,39836966,0.0,0.0
2000-06-02 00:00:00-04:00,7.129392133670698,7.662547085492425,7.005403111783492,7.656347274780273,47443968,0.0,0.0
2000-06-05 00:00:00-04:00,7.414567067158359,7.867128487213665,7.302976777072262,7.482761383056641,36101894,0.0,0.0
2000-06-06 00:00:00-04:00,7.513758279809389,7.612950293383614,7.123191833496093,7.123191833496094,27961718,0.0,0.0
2000-06-07 00:00:00-04:00,7.06739662580809,7.5013604164123535,6.745024474634725,7.5013604164123535,31277664,0.0,0.0
2000-06-08 00:00:00-04:00,7.532358300133763,7.538557661362556,7.042600222136524,7.110794544219971,20769091,0.0,0.0
2000-06-09 00:00:00-04:00,7.309175945734131,7.389769879892725,7.073596650417333,7.259580612182617,21223382,0.0,0.0
2000-06-12 00:00:00-04:00,7.2657792922160365,7.2657792922160365,6.596236732948686,6.627233982086182,37085558,0.0,0.0
2000-06-13 00:00:00-04:00,6.720225362718839,6.800818835408662,6.3854545508786,6.745023250579834,22316342,0.0,0.0
2000-06-14 00:00:00-04:00,6.707827539036938,6.707827539036938,6.199470545260399,6.224268436431885,43629062,0.0,0.0
2000-06-15 00:00:00-04:00,6.329660438432377,6.4722479896597,6.2118707808344436,6.354458332061768,27410486,0.0,0.0
2000-06-16 00:00:00-04:00,6.366857295243524,6.366857295243524,5.951492448839818,6.063083648681641,33910272,0.0,0.0
2000-06-19 00:00:00-04:00,6.019686177274992,6.063083050390448,5.852300293074003,5.939093589782715,22615718,0.0,0.0
2000-06-20 00:00:00-04:00,6.17467355630846,6.509444437384029,6.100280326862033,6.180872917175293,32274634,0.0,0.0
2000-06-21 00:00:00-04:00,6.137476868249565,6.149875589835081,6.025885676846663,6.125077247619629,14853802,0.0,0.0
2000-06-22 00:00:00-04:00,6.162273477901107,6.1746726473317,5.709712109844213,5.771707057952881,48765974,0.0,0.0
2000-06-23 00:00:00-04:00,5.4803327014440235,5.486532061970728,4.959576977234872,5.343944072723389,113492016,0.0,0.0
2000-06-26 00:00:00-04:00,5.368742780112234,5.486532436243591,5.1083642259622195,5.201356887817383,35925120,0.0,0.0
2000-06-27 00:00:00-04:00,5.102165314534837,5.300548461099928,5.009172652679674,5.201356887817383,59284051,0.0,0.0
2000-06-28 00:00:00-04:00,5.126963607720932,5.424537901254955,4.984375148103645,5.157960414886475,37135930,0.0,0.0
2000-06-29 00:00:00-04:00,5.058768349994761,5.300547896497719,4.816989253013976,5.126962661743164,54347674,0.0,0.0
2000-06-30 00:00:00-04:00,5.2075559156458775,5.405939049520638,5.120762620292382,5.387340068817139,27052186,0.0,0.0
2000-07-03 00:00:00-04:00,5.356342205502607,5.374941184084419,5.219953591761206,5.238552570343018,11518848,0.0,0.0
2000-07-05 00:00:00-04:00,5.108364007831097,5.133162349615045,5.009172438784108,5.015371799468994,23653555,0.0,0.0
2000-07-06 00:00:00-04:00,5.046370053826228,5.133162910995409,4.965777007542168,5.058769226074219,26732851,0.0,0.0
2000-07-07 00:00:00-04:00,5.052567879477364,5.083565578672401,4.829387322214888,4.934778690338135,17833306,0.0,0.0
2000-07-10 00:00:00-04:00,4.9533785114296816,5.027772199754326,4.711599361516289,4.767394065856934,37102666,0.0,0.0
2000-07-11 00:00:00-04:00,4.649604024497652,4.662002297276441,4.314832229058701,4.3582282066345215,65975818,0.0,0.0
2000-07-12 00:00:00-04:00,4.798390317867009,5.381140979026411,4.575209749194086,5.219954013824463,93350189,0.0,0.0
2000-07-13 00:00:00-04:00,5.257151677496677,5.40593948953548,5.071167699112075,5.300548553466797,56834870,0.0,0.0
2000-07-14 00:00:00-04:00,5.819753645306915,6.143675726900419,5.740709666429267,6.069282054901123,73061050,0.0,0.0
2000-07-17 00:00:00-04:00,6.001088598295385,6.224269196572565,5.753110105818269,5.970091342926025,45208627,0.0,0.0
2000-07-18 00:00:00-04:00,5.8554023148820145,6.087881759013344,5.703514575958251,5.703514575958252,26446781,0.0,0.0
2000-07-19 00:00:00-04:00,5.734510803275757,5.827503463239255,5.554726192738895,5.641518592834473,17146166,0.0,0.0
2000-07-20 00:00:00-04:00,5.7035134800298914,6.1002802097690525,5.64151852398489,6.050683975219727,36794736,0.0,0.0
2000-07-21 00:00:00-04:00,5.951491763873921,6.001087996825154,5.70351329625091,5.827503204345703,23577523,0.0,0.0
2000-07-24 00:00:00-04:00,5.846100409775191,5.889497279010911,5.4617333410152344,5.46793270111084,22325846,0.0,0.0
2000-07-25 00:00:00-04:00,5.598122121043168,5.678714703645179,5.1827573408305785,5.579524040222168,38617603,0.0,0.0
2000-07-26 00:00:00-04:00,5.591923336730282,5.653918294418864,4.98437472927994,5.22615385055542,70535837,0.0,0.0
2000-07-27 00:00:00-04:00,5.108363962687625,5.108363962687625,4.8355871502189816,4.928579807281494,35585827,0.0,0.0
2000-07-28 00:00:00-04:00,4.9843747270652425,5.095965920568438,4.587608886027929,4.649603843688965,25885094,0.0,0.0
2000-07-31 00:00:00-04:00,4.76119348853781,4.959576606750488,4.469818620804556,4.959576606750488,32077901,0.0,0.0
2000-08-01 00:00:00-04:00,4.965775830046791,4.971975189939656,4.748794637619383,4.816988945007324,18191606,0.0,0.0
2000-08-02 00:00:00-04:00,4.7983914092015905,5.08976725557329,4.754995427379854,4.847987651824951,21644410,0.0,0.0
2000-08-03 00:00:00-04:00,4.73794510163551,4.9967732166542875,4.562809920802975,4.959576606750488,24581146,0.0,0.0
2000-08-04 00:00:00-04:00,5.074267832632281,5.257151913952708,4.985925472640303,5.033971309661865,14381453,0.0,0.0
2000-08-07 00:00:00-04:00,4.754994128474203,5.0835656061112555,4.748794768410596,4.959576606750488,29297030,0.0,0.0
2000-08-08 00:00:00-04:00,4.909980377006066,4.996773215973365,4.903781016943304,4.984374046325684,15079046,0.0,0.0
2000-08-09 00:00:00-04:00,5.089766355360276,5.114563348480481,4.82318890221022,4.953377723693848,21808829,0.0,0.0
2000-08-10 00:00:00-04:00,4.922381341476572,4.9595779615412425,4.736396443064099,4.847987651824951,17257363,0.0,0.0
2000-08-11 00:00:00-04:00,4.748795054384835,4.823188728194604,4.680600741011999,4.810789108276367,20606573,0.0,0.0
2000-08-14 00:00:00-04:00,4.6434045947373255,4.909981165970596,4.6434045947373255,4.779792785644531,32494176,0.0,0.0
2000-08-15 00:00:00-04:00,4.767393462826661,5.306747747337677,4.761194101964335,5.145561218261719,33011194,0.0,0.0
2000-08-16 00:00:00-04:00,5.20135771797216,6.0506851378567905,5.188958095049487,5.703514575958252,85738435,0.0,0.0
2000-08-17 00:00:00-04:00,5.641519555748632,6.335860223592365,5.635320193867007,6.25526762008667,69864854,0.0,0.0
2000-08-18 00:00:00-04:00,6.410253527765109,6.788420370466527,5.34394416858913,5.4555344581604,85568314,0.0,0.0
2000-08-21 00:00:00-04:00,5.598122546365166,5.715913097647099,5.481882846694363,5.567124843597412,32549299,0.0,0.0
2000-08-22 00:00:00-04:00,5.629119396209717,5.839901242600773,5.604321505485935,5.629119396209717,30239827,0.0,0.0
2000-08-23 00:00:00-04:00,5.641519155707814,5.8585013014013265,5.455535165791208,5.734511375427246,24943248,0.0,0.0
2000-08-24 00:00:00-04:00,5.858500207865078,6.174672976659342,5.833701867681267,6.0878801345825195,44472067,0.0,0.0
2000-08-25 00:00:00-04:00,6.187072279994062,6.292463212852335,6.025885750750044,6.168474197387695,19100189,0.0,0.0
2000-08-28 00:00:00-04:00,6.149874794989089,6.286262962413205,6.050683237036224,6.2428669929504395,18745690,0.0,0.0
2000-08-29 00:00:00-04:00,6.174673949478976,6.249067633184613,6.025886132545456,6.063083648681641,12376109,0.0,0.0
2000-08-30 00:00:00-04:00,6.007287523002109,6.162274238110503,5.9018965926901785,6.056882858276367,17510170,0.0,0.0
2000-08-31 00:00:00-04:00,6.075481491103103,6.236668007210097,6.063082770376045,6.149875164031982,16741296,0.0,0.0
2000-09-01 00:00:00-04:00,6.2490673086101225,6.323460988451777,6.100280398449033,6.236668586730957,17280173,0.0,0.0
2000-09-05 00:00:00-04:00,6.2242684643712645,6.838016386001049,6.211870193013142,6.695428848266602,75455107,0.0,0.0
2000-09-06 00:00:00-04:00,6.720226053153454,6.77602164371471,6.42885117799257,6.509443759918213,53938051,0.0,0.0
2000-09-07 00:00:00-04:00,6.546641422753897,6.670630886207778,6.298662495846134,6.608636379241943,23110877,0.0,0.0
2000-09-08 00:00:00-04:00,6.559040276998944,6.6954289049705045,6.422652098549572,6.526493072509766,24678086,0.0,0.0
2000-09-11 00:00:00-04:00,6.441250326468664,6.689229696556756,6.360657289665298,6.422652244567871,13190602,0.0,0.0
2000-09-12 00:00:00-04:00,6.421102535632442,6.490846806353517,6.125077322739528,6.168474197387695,21678624,0.0,0.0
2000-09-13 00:00:00-04:00,6.032086005919936,6.311062189540432,5.939093794872366,6.1994709968566895,18322762,0.0,0.0
2000-09-14 00:00:00-04:00,6.397854645919307,6.893812095120356,6.396305142722625,6.788421154022217,42243379,0.0,0.0
2000-09-15 00:00:00-04:00,6.776021883108591,6.794620413952754,6.509443989894014,6.689229488372803,32456160,0.0,0.0
2000-09-18 00:00:00-04:00,6.614835752448396,6.93720927898535,6.4598494742105865,6.552842140197754,31581792,0.0,0.0
2000-09-19 00:00:00-04:00,6.714026748887299,6.8814126229217445,6.2862632481523155,6.515644073486328,34590758,0.0,0.0
2000-09-20 00:00:00-04:00,6.590037442211606,7.693542849555567,6.552840832760529,7.594351291656494,130543142,0.0,0.0
2000-09-21 00:00:00-04:00,7.23478203924099,7.290577630552236,6.900011188506558,7.061196804046631,70774387,0.0,0.0
2000-09-22 00:00:00-04:00,6.776022028653571,7.166588487637033,6.757423946932116,7.127841472625732,32818262,0.0,0.0
2000-09-25 00:00:00-04:00,7.160388496608506,7.470361892273348,6.993002629197971,7.1789870262146,28666915,0.0,0.0
2000-09-26 00:00:00-04:00,7.358771416811064,7.538555999467762,6.999201801975526,7.011600971221924,32005670,0.0,0.0
2000-09-27 00:00:00-04:00,7.048798739766163,7.054998100253017,6.21806960029546,6.298662185668945,47596032,0.0,0.0
2000-09-28 00:00:00-04:00,6.3792561854028325,6.943407885013225,6.360657204706069,6.856614589691162,39710563,0.0,0.0
2000-09-29 00:00:00-04:00,6.738825390299919,6.881413389605222,6.658232798723491,6.81321907043457,20824214,0.0,0.0
2000-10-02 00:00:00-04:00,6.9434076810393,6.968205572036186,6.298662065598091,6.633433818817139,28444522,0.0,0.0
2000-10-03 00:00:00-04:00,6.732625377213782,6.856614382573069,6.137476443304925,6.149875164031982,23618390,0.0,0.0
2000-10-04 00:00:00-04:00,6.087880478448004,6.552841516519124,5.858500538774354,6.410253524780273,24790234,0.0,0.0
2000-10-05 00:00:00-04:00,6.3048620443005134,6.683029806710344,6.199471109608338,6.335859298706055,19289318,0.0,0.0
2000-10-06 00:00:00-04:00,6.342059171304302,6.410253486448427,5.467933144193186,5.895697116851807,46986826,0.0,0.0
2000-10-09 00:00:00-04:00,5.839902586314546,6.236669378710015,5.312947849088935,6.044485569000244,33696432,0.0,0.0
2000-10-10 00:00:00-04:00,5.994889449616654,6.168474252630606,5.5795246258102615,5.7469096183776855,26503805,0.0,0.0
2000-10-11 00:00:00-04:00,5.3253449568969815,5.577973702985029,5.058767988297009,5.257150650024414,41966813,0.0,0.0
2000-10-12 00:00:00-04:00,5.418337965811619,5.641518549938171,5.058768747471943,5.071167469024658,43401917,0.0,0.0
2000-10-13 00:00:00-04:00,5.009172514852145,5.554726152895222,4.996773793294089,5.542327880859375,33410362,0.0,0.0
2000-10-16 00:00:00-04:00,5.412138883707268,6.081681569606214,5.182758027949079,5.914295673370361,38079677,0.0,0.0
2000-10-17 00:00:00-04:00,6.086330860380703,6.125077428381684,5.1083642474759525,5.232354164123535,47735741,0.0,0.0
2000-10-18 00:00:00-04:00,4.804589314915332,5.616720293207689,4.500815736133437,5.294347286224365,68081904,0.0,0.0
2000-10-19 00:00:00-04:00,5.653918236118036,5.9762903944945105,5.331544729174921,5.672515869140625,51587712,0.0,0.0
2000-10-20 00:00:00-04:00,6.582288284861636,6.59623785849365,5.678715351476862,5.7593092918396,167615395,0.0,0.0
2000-10-23 00:00:00-04:00,5.734510130455341,6.075481229053015,5.554725541012301,5.908095359802246,41304384,0.0,0.0
2000-10-24 00:00:00-04:00,5.672516581696507,5.67871594332351,5.356343744452099,5.362543106079102,67107744,0.0,0.0
2000-10-25 00:00:00-04:00,5.539227834343451,5.691115565622058,5.095966510417529,5.362543106079102,62174218,0.0,0.0
2000-10-26 00:00:00-04:00,5.40593988923844,5.51133083309949,4.860386186340665,5.20755672454834,48813494,0.0,0.0
2000-10-27 00:00:00-04:00,5.250951639508825,5.486531824551191,4.978174843393658,5.095965385437012,33108134,0.0,0.0
2000-10-30 00:00:00-05:00,5.126962891697847,5.195157206504904,4.767393235960614,4.885183334350586,34090848,0.0,0.0
2000-10-31 00:00:00-05:00,4.953377837536552,5.207556125684945,4.835587285144765,5.108364105224609,74857306,0.0,0.0
2000-11-01 00:00:00-05:00,5.071167044260079,5.6539176969591125,5.064967684002983,5.3578925132751465,71615491,0.0,0.0
2000-11-02 00:00:00-05:00,5.4555342353278355,5.753109377581828,5.405938902728047,5.6973137855529785,45110736,0.0,0.0
2000-11-03 00:00:00-05:00,5.697313049877247,5.846099927508601,5.269550046213654,5.436935901641846,42949526,0.0,0.0
2000-11-06 00:00:00-05:00,5.4369377120134095,5.666317239661532,5.3315454173340555,5.393540382385254,30243629,0.0,0.0
2000-11-07 00:00:00-05:00,5.381141851550612,5.653918695796192,5.170359519872447,5.622920989990234,28946333,0.0,0.0
2000-11-08 00:00:00-05:00,5.567124894075252,5.746909503956203,5.0401702355563645,5.120762825012207,37833523,0.0,0.0
2000-11-09 00:00:00-05:00,4.947178288746502,5.021572876687244,4.587609466698322,4.829388618469238,40820630,0.0,0.0
2000-11-10 00:00:00-05:00,4.764293522161764,5.033970887170492,4.562810474697515,4.5690107345581055,31767120,0.0,0.0
2000-11-13 00:00:00-05:00,4.463618551559797,4.513214782744734,4.215639643245992,4.25283670425415,55741910,0.0,0.0
2000-11-14 00:00:00-05:00,4.463619009797769,4.736395836946397,4.271435673266538,4.730196475982666,38370499,0.0,0.0
2000-11-15 00:00:00-05:00,4.655803110345457,4.866584973176992,4.482217861739754,4.544212818145752,23156496,0.0,0.0
2000-11-16 00:00:00-05:00,4.457419191232496,4.705398099546302,4.25283670425415,4.25283670425415,30884198,0.0,0.0
2000-11-17 00:00:00-05:00,4.271435312127895,4.364427966332693,4.023456848844564,4.3086323738098145,39957667,0.0,0.0
2000-11-20 00:00:00-05:00,3.651487841421751,3.6886846741308266,3.347713595250431,3.4221079349517822,100527610,0.0,0.0
2000-11-21 00:00:00-05:00,3.5212994949191705,3.57089573096936,3.0501401971867907,3.130733013153076,59233680,0.0,0.0
2000-11-22 00:00:00-05:00,3.124533546760036,3.4965021579264293,2.901352964439066,3.2609219551086426,72763574,0.0,0.0
2000-11-24 00:00:00-05:00,3.4593058801530265,3.694884997360415,3.360114294362734,3.6638877391815186,32614877,0.0,0.0
2000-11-27 00:00:00-05:00,3.787876844406128,3.856071161183593,3.6576877963587413,3.787876844406128,45408211,0.0,0.0
2000-11-28 00:00:00-05:00,3.707283587430805,3.761528549376124,3.5336983606393284,3.5739948749542236,41803344,0.0,0.0
2000-11-29 00:00:00-05:00,3.5708952990160325,3.719682415840798,3.3849106725115563,3.682485580444336,44207856,0.0,0.0
2000-11-30 00:00:00-05:00,3.5460976298369955,3.6080925880533963,3.068738069850712,3.4035098552703857,39444451,0.0,0.0
2000-12-01 00:00:00-05:00,3.4655045937053783,3.7258817834212064,3.3601136658958075,3.4469056129455566,58766083,0.0,0.0
2000-12-04 00:00:00-05:00,3.391111148718611,3.391111148718611,3.0501400233871037,3.2051262855529785,42383088,0.0,0.0
2000-12-05 00:00:00-05:00,3.353913912496346,3.9304642676345365,3.0997349893175885,3.9180655479431152,71139341,0.0,0.0
2000-12-06 00:00:00-05:00,3.7816770737874754,3.9180656925601003,3.4965017903764,3.6018927097320557,43243200,0.0,0.0
2000-12-07 00:00:00-05:00,3.4841029813030957,3.6049932279986705,3.2733210935809955,3.4717044830322266,35389094,0.0,0.0
2000-12-08 00:00:00-05:00,3.7258814454140756,3.9614616209933233,3.6700869805682763,3.8312723636627197,52141795,0.0,0.0
2000-12-11 00:00:00-05:00,3.831272629032934,4.314831733703613,3.7196825678067515,4.314831733703613,38114842,0.0,0.0
2000-12-12 00:00:00-05:00,4.209441042470046,4.451220158741627,3.9428631344962786,4.0606536865234375,30139085,0.0,0.0
2000-12-13 00:00:00-05:00,4.1970418836650385,4.215639514557044,3.8746697622201767,3.8932673931121826,26585539,0.0,0.0
2000-12-14 00:00:00-05:00,3.8870685828557296,3.992459518200391,3.6080926171953522,3.6700875759124756,24375859,0.0,0.0
2000-12-15 00:00:00-05:00,3.6390899017928295,4.079251702659512,3.4717040166893995,3.769278049468994,47145542,0.0,0.0
2000-12-18 00:00:00-05:00,3.7568788933127575,3.911866263873828,3.6700869547472874,3.8002750873565674,26800330,0.0,0.0
2000-12-19 00:00:00-05:00,3.7382814098712176,3.7444807704534138,3.1989269249707823,3.2051262855529785,47026742,0.0,0.0
2000-12-20 00:00:00-05:00,3.0315411388487523,3.17412890913855,2.6533733884948987,2.7711639404296875,57434573,0.0,0.0
2000-12-21 00:00:00-05:00,2.758764339615642,3.2671213671087513,2.6843708859281623,2.8207592964172363,52211174,0.0,0.0
2000-12-22 00:00:00-05:00,2.9757467960681074,3.490302342819096,2.9757467960681074,3.4717044830322266,39452054,0.0,0.0
2000-12-26 00:00:00-05:00,3.5708960312725355,3.701085094237576,3.329116663996216,3.440706968307495,27653789,0.0,0.0
2000-12-27 00:00:00-05:00,3.49650239944458,3.583294579412045,3.2299247002988234,3.49650239944458,23083315,0.0,0.0
2000-12-28 00:00:00-05:00,3.496502148645554,3.8684698597802125,3.48410252818165,3.7506802082061768,31764269,0.0,0.0
2000-12-29 00:00:00-05:00,3.750680762630081,3.794076743535298,3.2361243076931814,3.2733211517333984,34678195,0.0,0.0
2001-01-02 00:00:00-05:00,3.341515005119838,3.397310604175716,2.8517569321257588,2.994344711303711,43383859,0.0,0.0
2001-01-03 00:00:00-05:00,2.9261500782292758,3.9180659646970644,2.9261500782292758,3.90411639213562,65531981,0.0,0.0
2001-01-04 00:00:00-05:00,3.694884134372035,3.905666204945504,3.4407063170538024,3.5089004039764404,52275802,0.0,0.0
2001-01-05 00:00:00-05:00,3.5584962651955916,3.5708958866515066,3.025342211059064,3.031541347503662,58458154,0.0,0.0
2001-01-08 00:00:00-05:00,3.074937965267418,3.099735181426016,2.8207590263357285,3.0377402305603027,76336128,0.0,0.0
2001-01-09 00:00:00-05:00,3.16173017742477,3.4717038123727226,3.0997352256740918,3.3105170726776123,46161878,0.0,0.0
2001-01-10 00:00:00-05:00,3.2051262516934016,3.9180659720190545,3.155530918037573,3.8994669914245605,65674541,0.0,0.0
2001-01-11 00:00:00-05:00,3.663887179238045,4.197042320902266,3.5708956436741763,4.0606536865234375,72218045,0.0,0.0
2001-01-12 00:00:00-05:00,4.178442736338556,4.203241074938837,3.862269987733919,3.973860263824463,51584861,0.0,0.0
2001-01-16 00:00:00-05:00,3.9614627871226085,4.414024292428342,3.9552634252882988,4.345829963684082,48161520,0.0,0.0
2001-01-17 00:00:00-05:00,4.5628096340144,4.723996132192143,4.234238177029215,4.290032863616943,85639594,0.0,0.0
2001-01-18 00:00:00-05:00,4.42642235572701,4.699199180486688,4.228039659969462,4.649603843688965,90686218,0.0,0.0
2001-01-19 00:00:00-05:00,5.405938622359756,5.436936321719987,4.767392848275775,4.971975326538086,157235126,0.0,0.0
2001-01-22 00:00:00-05:00,5.027771322460375,5.269550879708013,4.847986719426934,4.903781414031982,60498662,0.0,0.0
2001-01-23 00:00:00-05:00,4.885183188205295,5.23235366289974,4.835586956583909,5.195157051086426,61181050,0.0,0.0
2001-01-24 00:00:00-05:00,5.182758490160176,5.46793407073333,5.176559128511737,5.393540382385254,62977306,0.0,0.0
2001-01-25 00:00:00-05:00,5.443135173011894,5.467932612994706,4.922379942929819,4.940977573394775,46845216,0.0,0.0
2001-01-26 00:00:00-05:00,4.7797928872045645,5.064968446718378,4.717797926731503,4.947177886962891,46176134,0.0,0.0
2001-01-29 00:00:00-05:00,5.040169842295323,5.238552968622207,4.95957680960557,5.1889567375183105,42812669,0.0,0.0
2001-01-30 00:00:00-05:00,5.25715115254216,5.281949043818721,5.089766173089196,5.275749683380127,33959693,0.0,0.0
2001-01-31 00:00:00-05:00,5.244753049761389,5.306748010020017,4.8727846367763386,4.897582530975342,38265005,0.0,0.0
2001-02-01 00:00:00-05:00,4.89138308160309,4.959577401801206,4.699199292645777,4.78599214553833,36812794,0.0,0.0
2001-02-02 00:00:00-05:00,4.854186014575447,4.860385375056665,4.507015534316645,4.586058616638184,37321258,0.0,0.0
2001-02-05 00:00:00-05:00,4.525614809928739,4.71159971914056,4.252837932033809,4.631005764007568,40064112,0.0,0.0
2001-02-06 00:00:00-05:00,4.5256139283668935,4.662002115985623,4.42642235572701,4.649603843688965,33511104,0.0,0.0
2001-02-07 00:00:00-05:00,4.562809997958906,4.60155656091434,4.414023106305607,4.581408977508545,28875053,0.0,0.0
2001-02-08 00:00:00-05:00,4.643404505877716,4.847987013084597,4.5752101869680155,4.674401760101318,29277072,0.0,0.0
2001-02-09 00:00:00-05:00,4.61240603580571,4.674400983475011,4.234238338446057,4.420222282409668,30952627,0.0,0.0
2001-02-12 00:00:00-05:00,4.420223015817303,4.804590136861803,4.414023654878412,4.680601119995117,28379894,0.0,0.0
2001-02-13 00:00:00-05:00,4.809238078832111,5.021570733850901,4.699197770010153,4.705397129058838,46216051,0.0,0.0
2001-02-14 00:00:00-05:00,4.750345630349609,5.058769134452851,4.730196694860143,4.978175640106201,51551597,0.0,0.0
2001-02-15 00:00:00-05:00,5.038620669137281,5.263352122995284,4.984375021786109,5.0091729164123535,40134442,0.0,0.0
2001-02-16 00:00:00-05:00,4.686800125817754,4.978175012612706,4.686800125817754,4.835587024688721,34958563,0.0,0.0
2001-02-20 00:00:00-05:00,4.860384927438622,4.878983007169481,4.389224583813945,4.420222282409668,37551254,0.0,0.0
2001-02-21 00:00:00-05:00,4.279184812842993,4.624805353447264,4.2776348602845315,4.531813144683838,42399245,0.0,0.0
2001-02-22 00:00:00-05:00,4.576759379179955,4.6620013646101475,4.14124614170318,4.420222282409668,52780464,0.0,0.0
2001-02-23 00:00:00-05:00,4.314831832655784,4.426422121202162,3.9986585992373898,4.4078240394592285,55906330,0.0,0.0
2001-02-26 00:00:00-05:00,4.4264217495632465,4.519413948559139,4.128847521916274,4.5008158683776855,38513059,0.0,0.0
2001-02-27 00:00:00-05:00,4.538013039751367,4.587608370981065,4.147445704427716,4.17844295501709,39274330,0.0,0.0
2001-02-28 00:00:00-05:00,4.172244220555363,4.3830260956027,3.6576880304623445,3.801825761795044,56361571,0.0,0.0
2001-03-01 00:00:00-05:00,3.7320811900168698,3.9413135452149475,3.3725122038679975,3.7196826934814453,77756026,0.0,0.0
2001-03-02 00:00:00-05:00,3.6204904759363528,3.992458814070201,3.484102085287275,3.738281011581421,52684474,0.0,0.0
2001-03-05 00:00:00-05:00,3.8808690141397824,3.930464798650265,3.707283993114193,3.769278049468994,26198726,0.0,0.0
2001-03-06 00:00:00-05:00,3.955262447026146,4.252836686218574,3.955262447026146,3.9986584186553955,46198944,0.0,0.0
2001-03-07 00:00:00-05:00,4.135047944354866,4.445021421283468,3.8684704485211223,4.215640544891357,100591286,0.0,0.0
2001-03-08 00:00:00-05:00,4.135047442306203,4.166044696331138,3.818874642111873,3.880869150161743,49234522,0.0,0.0
2001-03-09 00:00:00-05:00,3.595693065560987,3.595693065560987,3.3353147934984255,3.372511625289917,68163638,0.0,0.0
2001-03-12 00:00:00-05:00,3.3244667509439276,3.372512360096372,3.0935361732570987,3.130733013153076,73973434,0.0,0.0
2001-03-13 00:00:00-05:00,3.3105176336960955,3.422108835471479,3.118334509362677,3.4159085750579834,52128490,0.0,0.0
2001-03-14 00:00:00-05:00,3.136932129278314,3.459305413933059,3.136932129278314,3.384911060333252,40986000,0.0,0.0
2001-03-15 00:00:00-05:00,3.5507473214899035,3.620491374096757,3.3725126452507945,3.4345076084136963,49893149,0.0,0.0
2001-03-16 00:00:00-05:00,3.3663128479735893,3.502701254800049,3.136932008441984,3.2237250804901123,44910202,0.0,0.0
2001-03-19 00:00:00-05:00,3.242322916129625,3.701084335577896,3.1679292453307974,3.676286220550537,46114358,0.0,0.0
2001-03-20 00:00:00-05:00,3.6824858896319252,3.8560711360565856,3.4965021465562787,3.5027012825012207,58429642,0.0,0.0
2001-03-21 00:00:00-05:00,3.558496457344743,3.6948848836074584,3.1865289211273193,3.1865289211273193,62541072,0.0,0.0
2001-03-22 00:00:00-05:00,3.2175258889254876,3.6700873004571952,3.149331574311586,3.632890462875366,47870698,0.0,0.0
2001-03-23 00:00:00-05:00,3.7568792690053594,3.868469782398585,3.5646961689531023,3.688685178756714,45153504,0.0,0.0
2001-03-26 00:00:00-05:00,3.756879181930903,4.060653462618999,3.7134832093143197,3.8126749992370605,51548746,0.0,0.0
2001-03-27 00:00:00-05:00,3.8064755279390474,4.017257373007862,3.6948841213377,3.967661142349243,34131715,0.0,0.0
2001-03-28 00:00:00-05:00,3.8250732400672365,3.918065893566745,3.5398979420259504,3.5894932746887207,39528086,0.0,0.0
2001-03-29 00:00:00-05:00,3.4965022535913,3.6576878844936838,3.3415148597791924,3.384911060333252,41606611,0.0,0.0
2001-03-30 00:00:00-05:00,3.4345070172634755,3.7940759885821875,3.428307656870902,3.5894932746887207,44713469,0.0,0.0
2001-04-02 00:00:00-04:00,3.5956937159417985,3.744480845258977,3.459305308036708,3.5027012825012207,42066605,0.0,0.0
2001-04-03 00:00:00-04:00,3.446905484332275,3.4965019403838684,2.9943443128379132,3.043940544128418,75541594,0.0,0.0
2001-04-04 00:00:00-04:00,3.0439409867337943,3.186528767670223,2.9013532057973657,3.0129435062408447,72915638,0.0,0.0
2001-04-05 00:00:00-04:00,3.384910649047195,3.4965018287462746,3.3291159582419807,3.4531047344207764,64821082,0.0,0.0
2001-04-06 00:00:00-04:00,3.3771620984328967,3.6018935619061008,3.23612426337777,3.5212998390197754,54858038,0.0,0.0
2001-04-09 00:00:00-04:00,3.751424513572519,3.8119317847116383,3.6403300287927696,3.7672951221466064,38898922,0.0,0.0
2001-04-10 00:00:00-04:00,3.9121148227295137,4.081732154225768,3.8684702579680788,3.913106918334961,65894083,0.0,0.0
2001-04-11 00:00:00-04:00,4.066852787418292,4.096610706228167,3.749440231205071,3.8853325843811035,45948989,0.0,0.0
2001-04-12 00:00:00-04:00,3.8605341978189385,4.141245929119851,3.8605341978189385,4.129343032836914,48835354,0.0,0.0
2001-04-16 00:00:00-04:00,3.960719174629248,4.280116473771261,3.950800015016697,4.054951190948486,40125888,0.0,0.0
2001-04-17 00:00:00-04:00,3.986507906167068,4.304912109596796,3.962701660927387,4.270195960998535,45741802,0.0,0.0
2001-04-18 00:00:00-04:00,4.46361935023913,4.793927405119865,4.349549481526333,4.538013935089111,71492890,0.0,0.0
2001-04-19 00:00:00-04:00,4.680848879917606,4.959576908236634,4.562810198170195,4.958585262298584,75399984,0.0,0.0
2001-04-20 00:00:00-04:00,5.157959346539838,5.583490961162823,4.9298187574505015,5.024051189422607,167934730,0.0,0.0
2001-04-23 00:00:00-04:00,4.943706865429077,4.944698511434906,4.632245509422419,4.657042503356934,65713507,0.0,0.0
2001-04-24 00:00:00-04:00,4.562810979198332,4.840547409120172,4.414024055548179,4.419975280761719,62466941,0.0,0.0
2001-04-25 00:00:00-04:00,4.459651638630289,4.840546622741615,4.364428004983004,4.800870895385742,83389046,0.0,0.0
2001-04-26 00:00:00-04:00,4.888158860428748,4.9099809159199,4.414023515542235,4.56281042098999,55835050,0.0,0.0
2001-04-27 00:00:00-04:00,4.712590358528396,4.751274441797631,4.500319677844906,4.649107933044434,35908963,0.0,0.0
2001-04-30 00:00:00-04:00,4.785991979344464,5.16787908033951,4.751274479775228,5.0071892738342285,89849866,0.0,0.0
2001-05-01 00:00:00-04:00,5.021075424471067,5.392052168870617,5.018100036965683,5.387092590332031,105103786,0.0,0.0
2001-05-02 00:00:00-04:00,5.460493934834982,5.4793410516954735,5.182757548782549,5.32658576965332,63795600,0.0,0.0
2001-05-03 00:00:00-04:00,5.098445150306073,5.186725921655044,5.0091727329217255,5.10935640335083,39783744,0.0,0.0
2001-05-04 00:00:00-04:00,4.89014317496354,5.225409850005097,4.865344834599539,5.192676544189453,33260198,0.0,0.0
2001-05-07 00:00:00-04:00,5.171847179852212,5.185734270032596,4.92684452961025,4.993302345275879,26184470,0.0,0.0
2001-05-08 00:00:00-04:00,5.157959246016863,5.304762393039065,4.785991351012179,5.213506698608398,61722778,0.0,0.0
2001-05-09 00:00:00-04:00,5.050833792390049,5.33650518188616,5.019092127315147,5.271039009094238,49169894,0.0,0.0
2001-05-10 00:00:00-04:00,5.456526240350024,5.530919918428812,5.357334669578306,5.387092590332031,82795997,0.0,0.0
2001-05-11 00:00:00-04:00,5.376182000803367,5.376182000803367,5.157960518191498,5.281949996948242,44884541,0.0,0.0
2001-05-14 00:00:00-04:00,5.286909006479555,5.539847515891366,5.192677012777117,5.476365089416504,51697008,0.0,0.0
2001-05-15 00:00:00-04:00,5.503147101053888,5.662845273713897,5.3811418183616055,5.559686660766602,76713437,0.0,0.0
2001-05-16 00:00:00-04:00,5.4714052920006635,5.81659203976907,5.4714052920006635,5.739222526550293,64260346,0.0,0.0
2001-05-17 00:00:00-04:00,5.760052254572987,6.224268416174625,5.743190228057873,6.204430103302002,127851610,0.0,0.0
2001-05-18 00:00:00-04:00,6.121110125548753,6.2570020361147405,6.027869780658005,6.213357925415039,58829760,0.0,0.0
2001-05-21 00:00:00-04:00,6.278824154133535,6.358176949511233,6.103254290652777,6.352224826812744,72969811,0.0,0.0
2001-05-22 00:00:00-04:00,6.34528360526998,6.596238397346647,6.250059506850275,6.373056888580322,70766784,0.0,0.0
2001-05-23 00:00:00-04:00,6.278824997539026,6.378015667943364,5.951491919313756,6.040764331817627,67209437,0.0,0.0
2001-05-24 00:00:00-04:00,6.030845154854904,6.321476991801697,5.906856142977725,6.274857044219971,39620275,0.0,0.0
2001-05-25 00:00:00-04:00,6.277832158037309,6.348258803416358,6.04572405960366,6.169713973999023,27142474,0.0,0.0
2001-05-29 00:00:00-04:00,6.124085462001909,6.150867095595572,5.897928595891265,5.926694869995117,36669283,0.0,0.0
2001-05-30 00:00:00-04:00,5.810639976044299,6.19946987886837,5.810639976044299,5.93958854675293,79139808,0.0,0.0
2001-05-31 00:00:00-04:00,5.9465322318063,6.097303774221625,5.826511154209537,6.0030717849731445,46456502,0.0,0.0
2001-06-01 00:00:00-04:00,6.070521836661956,6.139955930523484,5.886025799828917,6.075481414794922,36471600,0.0,0.0
2001-06-04 00:00:00-04:00,5.952486156328696,6.290728759515042,5.900906169831253,6.2153425216674805,52660714,0.0,0.0
2001-06-05 00:00:00-04:00,6.2490670001717445,6.4891109548972885,6.233196169446648,6.422652244567871,45728496,0.0,0.0
2001-06-06 00:00:00-04:00,6.423643744426601,6.579374862617529,6.395870465572702,6.404797077178955,43858109,0.0,0.0
2001-06-07 00:00:00-04:00,6.355202155672693,6.4781990761175505,6.278825184351377,6.446457862854004,35823427,0.0,0.0
2001-06-08 00:00:00-04:00,6.459353864356395,6.460345510452677,6.268906118810727,6.303622722625732,24150614,0.0,0.0
2001-06-11 00:00:00-04:00,6.317509087873443,6.46728808820745,6.189552592462108,6.228236675262451,39570854,0.0,0.0
2001-06-12 00:00:00-04:00,6.134005214127267,6.397854542259763,5.999104488051323,6.297671318054199,44221162,0.0,0.0
2001-06-13 00:00:00-04:00,6.364129282784119,6.437530862120931,6.12210204054505,6.131028652191162,38607149,0.0,0.0
2001-06-14 00:00:00-04:00,6.0467156054478455,6.430586863894409,6.045723510010162,6.354209899902344,61544102,0.0,0.0
2001-06-15 00:00:00-04:00,6.277832326100032,6.487126728217777,6.125077481095826,6.459353446960449,82304640,0.0,0.0
2001-06-18 00:00:00-04:00,6.40380602028659,6.502005949343298,6.206414965657799,6.247084140777588,52004938,0.0,0.0
2001-06-19 00:00:00-04:00,6.399838871416889,6.566479905435784,6.17963321905343,6.263946056365967,64838189,0.0,0.0
2001-06-20 00:00:00-04:00,6.149875370652305,6.898771253775195,6.148883724693244,6.893811225891113,98756064,0.0,0.0
2001-06-21 00:00:00-04:00,6.859095142366469,6.956302070054367,6.769822730993949,6.933488368988037,84170275,0.0,0.0
2001-06-22 00:00:00-04:00,6.881908914604369,6.993003382223542,6.69542912409321,6.724194049835205,49360925,0.0,0.0
2001-06-25 00:00:00-04:00,6.808506265030229,7.0723555454614075,6.794620075932599,7.046566009521484,58660589,0.0,0.0
2001-06-26 00:00:00-04:00,6.9285288432785705,7.017801255330119,6.721219093512169,6.780733585357666,52792819,0.0,0.0
2001-06-27 00:00:00-04:00,6.849174421074555,6.916625215891488,6.746014937234813,6.804537773132324,47880202,0.0,0.0
2001-06-28 00:00:00-04:00,6.900754294917115,6.988042499924414,6.8541343559877355,6.939438819885254,41827104,0.0,0.0
2001-06-29 00:00:00-04:00,6.975149818266022,6.983084335299212,6.694438014506194,6.793628692626953,51874733,0.0,0.0
2001-07-02 00:00:00-04:00,6.805532084095412,6.9632465025488335,6.710307995901738,6.761887073516846,35259840,0.0,0.0
2001-07-03 00:00:00-04:00,6.784701594341298,6.9434081064449265,6.745024516793184,6.860086917877197,17244058,0.0,0.0
2001-07-05 00:00:00-04:00,6.764862357338973,6.832312705684616,6.596236711235941,6.6011962890625,34978522,0.0,0.0
2001-07-06 00:00:00-04:00,6.5525937057256,6.7103081272665275,6.449434199909242,6.471256256103516,36352800,0.0,0.0
2001-07-09 00:00:00-04:00,6.521843888788297,6.566479645488066,6.161777952504407,6.395870685577393,53474256,0.0,0.0
2001-07-10 00:00:00-04:00,6.446457633068161,6.447450178087886,5.9118157062208985,5.976290225982666,67548730,0.0,0.0
2001-07-11 00:00:00-04:00,5.873131286341277,6.039773227874863,5.873131286341277,5.9693474769592285,55461542,0.0,0.0
2001-07-12 00:00:00-04:00,6.3115574298057195,6.650792034995263,6.26592913113035,6.637897491455078,66785558,0.0,0.0
2001-07-13 00:00:00-04:00,6.595245261078691,6.819417466255422,6.497045347485723,6.646823883056641,45370195,0.0,0.0
2001-07-16 00:00:00-04:00,6.6259945844269525,6.772797287953556,6.502005131161315,6.531762599945068,34033824,0.0,0.0
2001-07-17 00:00:00-04:00,6.457368642429561,6.71030758303628,6.414716179518712,6.695428848266602,43313530,0.0,0.0
2001-07-18 00:00:00-04:00,6.63889046298904,6.769823711585165,6.589295121231638,6.60020637512207,48160570,0.0,0.0
2001-07-19 00:00:00-04:00,6.661703637985885,6.700389071345496,6.311558188515924,6.387935161590576,84662582,0.0,0.0
2001-07-20 00:00:00-04:00,6.603180083147491,6.74502410968326,6.579374737099856,6.625994682312012,79495258,0.0,0.0
2001-07-23 00:00:00-04:00,6.637897104087256,6.638888749943615,6.395869884902154,6.443481922149658,46368115,0.0,0.0
2001-07-24 00:00:00-04:00,6.225261348907899,6.293703357714842,5.926695419254101,6.122102737426758,106056086,0.0,0.0
2001-07-25 00:00:00-04:00,6.043741085622057,6.213358412780685,5.946532800619621,6.112183094024658,59689872,0.0,0.0
2001-07-26 00:00:00-04:00,6.110198432390909,6.521843895257399,6.045723912228551,6.430587291717529,76544266,0.0,0.0
2001-07-27 00:00:00-04:00,6.376032188977751,6.396862599228515,6.214349834214944,6.308581829071045,34637328,0.0,0.0
2001-07-30 00:00:00-04:00,6.333379742929757,6.34627428699771,5.975298456447662,6.054651260375977,35742643,0.0,0.0
2001-07-31 00:00:00-04:00,6.065562292848526,6.298662016894665,5.974306144590046,6.206414222717285,49816166,0.0,0.0
2001-08-01 00:00:00-04:00,6.254027139208007,6.334372046960334,6.08044187925131,6.112183094024658,52615094,0.0,0.0
2001-08-02 00:00:00-04:00,6.140948472516636,6.2064150932334705,5.911816199052193,6.030845642089844,67004150,0.0,0.0
2001-08-03 00:00:00-04:00,6.040765093228082,6.44844312437944,5.973314727596687,6.378016471862793,89512474,0.0,0.0
2001-08-06 00:00:00-04:00,6.2996538316144175,6.336355070607183,6.215341000617757,6.298662185668945,38239344,0.0,0.0
2001-08-07 00:00:00-04:00,6.25898702304339,6.41174187943962,6.186577078314427,6.378016471862793,35046000,0.0,0.0
2001-08-08 00:00:00-04:00,6.331395134375303,6.556559420776882,6.11614955377442,6.188558578491211,61019482,0.0,0.0
2001-08-09 00:00:00-04:00,6.150867165835781,6.318501188247831,6.070522264137288,6.233196258544922,36793786,0.0,0.0
2001-08-10 00:00:00-04:00,6.217325243511292,6.220300630679635,5.951491324529119,6.059610843658447,54686966,0.0,0.0
2001-08-13 00:00:00-04:00,6.041756539443595,6.140948110733133,5.951492029761231,6.023902416229248,47233930,0.0,0.0
2001-08-14 00:00:00-04:00,6.081433503197962,6.222285901811354,6.027870231557825,6.087385177612305,45416765,0.0,0.0
2001-08-15 00:00:00-04:00,6.100280083786152,6.1439237443776,5.910824009086317,5.951491832733154,62406115,0.0,0.0
2001-08-16 00:00:00-04:00,5.822543364094978,6.050683975219727,5.629119802489213,6.050683975219727,96724109,0.0,0.0
2001-08-17 00:00:00-04:00,5.902888045731502,5.944548863216572,5.74418198909248,5.85230016708374,69588288,0.0,0.0
2001-08-20 00:00:00-04:00,5.812624160793049,6.043740607083064,5.812624160793049,6.0010881423950195,56265581,0.0,0.0
2001-08-21 00:00:00-04:00,5.987202179531548,6.14987665344684,5.712442020397733,5.745174884796143,64120637,0.0,0.0
2001-08-22 00:00:00-04:00,5.822542676981548,5.822542676981548,5.280957038110801,5.644989967346191,168451747,0.0,0.0
2001-08-23 00:00:00-04:00,5.759061055761377,5.772947246519249,5.386101014513709,5.461486339569092,89471606,0.0,0.0
2001-08-24 00:00:00-04:00,5.524968664717773,5.949508675283116,5.415857487922904,5.853292942047119,75235565,0.0,0.0
2001-08-27 00:00:00-04:00,5.772946647586948,5.7838578991908625,5.540838572846626,5.594401836395264,72321638,0.0,0.0
2001-08-28 00:00:00-04:00,5.569604745220184,5.688633718171303,5.34939912241089,5.354359149932861,63783245,0.0,0.0
2001-08-29 00:00:00-04:00,5.398003150522092,5.418833559255778,5.207555882636162,5.346423625946045,56884291,0.0,0.0
2001-08-30 00:00:00-04:00,5.294844241319156,5.5537348875378445,5.237313935595286,5.510089874267578,73052496,0.0,0.0
2001-08-31 00:00:00-04:00,5.47636555207338,5.653918751236701,5.436688470271803,5.577540874481201,44932061,0.0,0.0
2001-09-04 00:00:00-04:00,5.539847264307391,5.62614338887869,5.396019940499695,5.400979518890381,51740726,0.0,0.0
2001-09-05 00:00:00-04:00,5.377173238121281,5.590435107541361,5.335512420291232,5.420816898345947,81470189,0.0,0.0
2001-09-06 00:00:00-04:00,5.369239107527042,5.554726827564101,5.306748320583991,5.464462757110596,64398154,0.0,0.0
2001-09-07 00:00:00-04:00,5.22144382590252,5.401971966693431,5.0696806147162174,5.252192497253418,95320368,0.0,0.0
2001-09-10 00:00:00-04:00,5.208548439564812,5.430737407148263,5.097453955773086,5.412883281707764,65742970,0.0,0.0
2001-09-17 00:00:00-04:00,5.029011093868548,5.169863028979058,4.880223743500645,4.90006160736084,120498365,0.0,0.0
2001-09-18 00:00:00-04:00,5.002229067070646,5.167878431351644,4.925851206941039,4.959576606750488,89028720,0.0,0.0
2001-09-19 00:00:00-04:00,4.914939848583304,4.918907780574429,4.457667040775755,4.793926239013672,138114979,0.0,0.0
2001-09-20 00:00:00-04:00,4.612406868276781,4.662002206032441,4.401129174090765,4.462627410888672,99299693,0.0,0.0
2001-09-21 00:00:00-04:00,4.143231456871817,4.465603653959978,4.116448920167176,4.343598365783691,131197968,0.0,0.0
2001-09-24 00:00:00-04:00,4.363434928921578,4.666961263750397,4.363434928921578,4.640179634094238,85010429,0.0,0.0
2001-09-25 00:00:00-04:00,4.62232617337396,4.7969030634773,4.553883721687065,4.6510910987854,71773258,0.0,0.0
2001-09-26 00:00:00-04:00,4.7225096022885324,4.732428759547609,4.354509137690127,4.3683953285217285,60224947,0.0,0.0
2001-09-27 00:00:00-04:00,4.26622839321525,4.523134387912526,4.015273623194745,4.4745306968688965,109763597,0.0,0.0
2001-09-28 00:00:00-04:00,4.52809432745946,4.6322459371093725,4.30987284909675,4.538013935089111,96120605,0.0,0.0
2001-10-01 00:00:00-04:00,4.394184795973962,4.749291159480634,4.364428223726762,4.659027099609375,97526246,0.0,0.0
2001-10-02 00:00:00-04:00,4.671921065940923,4.8236842406478235,4.622325736115866,4.710605144500732,88837690,0.0,0.0
2001-10-03 00:00:00-04:00,4.577689099269198,5.058768160417691,4.52710167389265,4.954617023468018,130239965,0.0,0.0
2001-10-04 00:00:00-04:00,5.0319865060970255,5.363286581335554,4.972471121450577,5.213506698608398,101891434,0.0,0.0
2001-10-05 00:00:00-04:00,5.143082268821775,5.353368336465321,5.083566869050072,5.2968292236328125,77392973,0.0,0.0
2001-10-08 00:00:00-04:00,5.196644703779645,5.502154822220785,5.157959722660706,5.497195243835449,70083446,0.0,0.0
2001-10-09 00:00:00-04:00,5.468428793195845,5.4753730118507935,5.34543188254651,5.395028114318848,46713110,0.0,0.0
2001-10-10 00:00:00-04:00,5.328569402302429,5.659869047664502,5.28988487198655,5.642014026641846,64368691,0.0,0.0
2001-10-11 00:00:00-04:00,5.673756606119135,6.0407645258218565,5.647966617425313,5.8959455490112305,123177542,0.0,0.0
2001-10-12 00:00:00-04:00,5.842383083007116,5.8721401093672165,5.604322826425795,5.843374729156494,58305139,0.0,0.0
2001-10-15 00:00:00-04:00,5.793777947467246,6.2083988294248815,5.69359472436391,6.1072235107421875,97630790,0.0,0.0
2001-10-16 00:00:00-04:00,6.157811440581205,6.296679189817707,6.015967404801795,6.110198497772217,97012080,0.0,0.0
2001-10-17 00:00:00-04:00,6.129045029035441,6.13698089392825,5.655901338019491,5.662844657897949,102867494,0.0,0.0
2001-10-18 00:00:00-04:00,5.684667726776675,5.919750759506698,5.673756474231642,5.85825252532959,79883021,0.0,0.0
2001-10-19 00:00:00-04:00,5.414865953103517,5.429744688946165,5.119275427314004,5.153000831604004,213722150,0.0,0.0
2001-10-22 00:00:00-04:00,5.109356470315611,5.3404724831774955,5.109356470315611,5.265087604522705,94637030,0.0,0.0
2001-10-23 00:00:00-04:00,5.2958359959674075,5.564645310276538,5.2849251938006265,5.513065338134766,116815565,0.0,0.0
2001-10-24 00:00:00-04:00,5.4674385775515795,5.6737576251121205,5.3474165732994505,5.671773433685303,83675117,0.0,0.0
2001-10-25 00:00:00-04:00,5.515048975276322,5.883049395656262,5.4347040808452745,5.865195274353027,94222656,0.0,0.0
2001-10-26 00:00:00-04:00,5.750134036846301,5.847342325218029,5.61225791968216,5.653918743133545,65457850,0.0,0.0
2001-10-29 00:00:00-05:00,5.669787534016173,5.786833206583724,5.084557822612034,5.209538459777832,186105427,0.0,0.0
2001-10-30 00:00:00-05:00,5.166886844791315,5.404946139857366,4.9605683095770985,5.2978196144104,176097715,0.0,0.0
2001-10-31 00:00:00-05:00,5.370229858246273,5.445615178740431,5.144072997719421,5.205572128295898,100035302,0.0,0.0
2001-11-01 00:00:00-05:00,5.233346127491456,5.337497735714618,5.101421686088099,5.28095817565918,96610061,0.0,0.0
2001-11-02 00:00:00-05:00,5.25715150905214,5.351383502293347,5.084558803394083,5.12820291519165,69677626,0.0,0.0
2001-11-05 00:00:00-05:00,5.183748719908393,5.420816362193441,5.171846272451596,5.341463565826416,60228749,0.0,0.0
2001-11-06 00:00:00-05:00,5.289885695227225,5.56266164079544,5.247232776461081,5.522985458374023,64073117,0.0,0.0
2001-11-07 00:00:00-05:00,5.464461949985523,5.781874517903065,5.455534439156713,5.6132493019104,84151267,0.0,0.0
2001-11-08 00:00:00-05:00,5.668797335247093,5.822543831655059,5.480333337010063,5.490252494812012,63565603,0.0,0.0
2001-11-09 00:00:00-05:00,5.493227555185758,5.702521952143634,5.40891471889351,5.648958683013916,43654723,0.0,0.0
2001-11-12 00:00:00-05:00,5.630112244585456,5.792786712190224,5.529929014377892,5.719384670257568,47619792,0.0,0.0
2001-11-13 00:00:00-05:00,5.817582942004272,5.94653151485418,5.743189724773308,5.937604904174805,63372672,0.0,0.0
2001-11-14 00:00:00-05:00,6.000097408925143,6.199471774231991,5.975299512837769,6.163763523101807,86866560,0.0,0.0
2001-11-15 00:00:00-05:00,6.059610836127106,6.112182002997943,5.902887632828953,5.958435535430908,67335840,0.0,0.0
2001-11-16 00:00:00-05:00,5.940581029965841,6.105239662186438,5.9018964982524835,5.951491832733154,44195501,0.0,0.0
2001-11-19 00:00:00-05:00,5.9872013732261316,6.199471162996445,5.97728221576916,6.1607866287231445,65672640,0.0,0.0
2001-11-20 00:00:00-05:00,6.110198021141869,6.1974866863142,5.86122746821606,5.8632121086120605,52866000,0.0,0.0
2001-11-21 00:00:00-05:00,5.847341426627107,6.036797046661377,5.782866459651556,6.036797046661377,46030723,0.0,0.0
2001-11-23 00:00:00-05:00,5.977281555040852,6.108214329095138,5.961411174577344,6.105239391326904,14496451,0.0,0.0
2001-11-26 00:00:00-05:00,6.1855834384973,6.477205966108675,6.184591792710766,6.463319778442383,107686973,0.0,0.0
2001-11-27 00:00:00-05:00,6.381983870098583,6.522835814762911,6.199471104887685,6.424635887145996,85966531,0.0,0.0
2001-11-28 00:00:00-05:00,6.374048091956956,6.701379793754139,6.3552014256525435,6.45736837387085,105357542,0.0,0.0
2001-11-29 00:00:00-05:00,6.437531391635311,6.621035804593552,6.43257181290671,6.57044792175293,60628867,0.0,0.0
2001-11-30 00:00:00-05:00,6.536722275465303,6.7936277971282575,6.527794764983865,6.751967430114746,79623562,0.0,0.0
2001-12-03 00:00:00-05:00,6.684518380187152,6.705348340193344,6.576398849550325,6.652776718139648,45713290,0.0,0.0
2001-12-04 00:00:00-05:00,6.631946017333598,6.944398978702588,6.6002048083538485,6.942415237426758,71651606,0.0,0.0
2001-12-05 00:00:00-05:00,6.939439598307871,7.215192230118899,6.747008597675312,6.8422322273254395,148671072,0.0,0.0
2001-12-06 00:00:00-05:00,6.838265252637618,6.980109295829934,6.797596526781154,6.958287239074707,70192742,0.0,0.0
2001-12-07 00:00:00-05:00,6.877941690244566,6.922578350510241,6.63591441624467,6.740065574645996,60774278,0.0,0.0
2001-12-10 00:00:00-05:00,6.655751695002072,6.862069788448935,6.6021884302653255,6.645832538604736,50299920,0.0,0.0
2001-12-11 00:00:00-05:00,6.691461167452943,7.059462067730195,6.69046952147767,6.953327178955078,78943075,0.0,0.0
2001-12-12 00:00:00-05:00,6.887860001570163,6.94340790855438,6.691461058057155,6.893811225891113,66302755,0.0,0.0
2001-12-13 00:00:00-05:00,6.707330784066803,6.769821551040106,6.548624302622031,6.5625104904174805,55989014,0.0,0.0
2001-12-14 00:00:00-05:00,6.586318812516468,6.774782805892225,6.564496755819511,6.605165481567383,52401254,0.0,0.0
2001-12-17 00:00:00-05:00,6.597228881993079,6.912658146763677,6.523827304128693,6.872981071472168,57512506,0.0,0.0
2001-12-18 00:00:00-05:00,6.8541359824960155,6.941423758694863,6.5714395463650055,6.626987457275391,84092342,0.0,0.0
2001-12-19 00:00:00-05:00,6.577391413054984,6.774782921298051,6.497046505276329,6.5664801597595215,72899482,0.0,0.0
2001-12-20 00:00:00-05:00,6.551601497462672,6.682534290881425,6.299654618930435,6.307590484619141,55635466,0.0,0.0
2001-12-21 00:00:00-05:00,6.392894593566908,6.492086165966876,6.323460942409146,6.446457862854004,59703178,0.0,0.0
2001-12-24 00:00:00-05:00,6.452410248934609,6.532755150535292,6.27485706977429,6.32941198348999,18747590,0.0,0.0
2001-12-26 00:00:00-05:00,6.436539288096688,6.649800708745784,6.436539288096688,6.580366611480713,40902365,0.0,0.0
2001-12-27 00:00:00-05:00,6.590285852724909,6.671622849230922,6.499029249817371,6.563504219055176,28567123,0.0,0.0
2001-12-28 00:00:00-05:00,6.622027588439412,6.755935758286157,6.6210354929315,6.744032859802246,32922806,0.0,0.0
2001-12-31 00:00:00-05:00,6.774783471359459,6.7916459509397225,6.591279038731644,6.6359148025512695,34766582,0.0,0.0
2002-01-02 00:00:00-05:00,6.486134705492011,6.5704475389662615,6.387934782673388,6.563504219055176,59122483,0.0,0.0
2002-01-03 00:00:00-05:00,6.552592270109488,6.771804879565283,6.5059723308352435,6.745023250579834,50394960,0.0,0.0
2002-01-04 00:00:00-05:00,6.749983859424451,6.8938111814702445,6.6954289473174065,6.794620513916016,44531942,0.0,0.0
2002-01-07 00:00:00-05:00,6.803546952680322,6.863062790171394,6.60516472356897,6.625994682312012,42132182,0.0,0.0
2002-01-08 00:00:00-05:00,6.6448416930258905,6.700389155350342,6.481175592756833,6.69939661026001,52871702,0.0,0.0
2002-01-09 00:00:00-05:00,6.762879878636288,6.840248498034266,6.6061571001548876,6.634922027587891,51664694,0.0,0.0
2002-01-10 00:00:00-05:00,6.596237379956774,6.665671027045589,6.520852059063854,6.54564905166626,44653594,0.0,0.0
2002-01-11 00:00:00-05:00,6.554576942749466,6.62103565583736,6.298662596198885,6.335363388061523,64879056,0.0,0.0
2002-01-14 00:00:00-05:00,6.2937028033242814,6.346274424781058,6.191535846906372,6.264937877655029,49657450,0.0,0.0
2002-01-15 00:00:00-05:00,6.344291115638777,6.462328910943937,6.3115582552669505,6.351234436035156,70104355,0.0,0.0
2002-01-16 00:00:00-05:00,6.065563374545707,6.223277808383399,5.9336384820312125,5.9455413818359375,129415018,0.0,0.0
2002-01-17 00:00:00-05:00,6.149875327037939,6.213357749811016,6.03778921647193,6.1111907958984375,84184531,0.0,0.0
2002-01-18 00:00:00-05:00,5.956452032346948,6.064571571984777,5.933638328944087,5.9693474769592285,49579517,0.0,0.0
2002-01-22 00:00:00-05:00,6.061594135750801,6.12309326228397,5.872138526740717,5.896936416625977,58975171,0.0,0.0
2002-01-23 00:00:00-05:00,5.910824224529573,5.949508757652941,5.728311463033305,5.861227989196777,77981270,0.0,0.0
2002-01-24 00:00:00-05:00,5.915783577764619,6.062586289031898,5.901896488553319,5.941572666168213,56619130,0.0,0.0
2002-01-25 00:00:00-05:00,5.926694486360683,6.046715557255117,5.911815302524888,6.015966892242432,25928813,0.0,0.0
2002-01-28 00:00:00-05:00,6.075481768257162,6.0824250881428314,5.842382031968536,5.9217352867126465,36518170,0.0,0.0
2002-01-29 00:00:00-05:00,5.931655691682085,5.9991051632671955,5.767988670289491,5.884042739868164,51164784,0.0,0.0
2002-01-30 00:00:00-05:00,5.919751403241026,5.919751403241026,5.465454321351774,5.723352432250977,98352144,0.0,0.0
2002-01-31 00:00:00-05:00,5.763028183246946,5.908840156175591,5.631103749869179,5.85428524017334,58141670,0.0,0.0
2002-02-01 00:00:00-05:00,5.859243375035437,5.9187578550563025,5.708471860575536,5.758068084716797,30563914,0.0,0.0
2002-02-04 00:00:00-05:00,5.733269656126267,5.7382296830309105,5.468427864281019,5.511081218719482,51831014,0.0,0.0
2002-02-05 00:00:00-05:00,5.511081857847975,5.612256708758638,5.3553507503582045,5.405938625335693,61353072,0.0,0.0
2002-02-06 00:00:00-05:00,5.46942159416998,5.5249686031767435,5.2809576127982645,5.475373268127441,49052045,0.0,0.0
2002-02-07 00:00:00-05:00,5.464460705979946,5.551748906286621,5.341462920009651,5.451565265655518,45314122,0.0,0.0
2002-02-08 00:00:00-05:00,5.457517797949973,5.820558641478252,5.430736166385765,5.813615322113037,58404931,0.0,0.0
2002-02-11 00:00:00-05:00,5.771955224727098,5.846348898931748,5.662844502560279,5.6816911697387695,40972694,0.0,0.0
2002-02-12 00:00:00-05:00,5.653916958016585,5.823534237500805,5.578530751264522,5.758068084716797,42457219,0.0,0.0
2002-02-13 00:00:00-05:00,5.763027272300863,5.8989200663812165,5.763027272300863,5.812623500823975,31436381,0.0,0.0
2002-02-14 00:00:00-05:00,5.827503271770379,6.023902216803977,5.822543243847894,5.951491832733154,57087677,0.0,0.0
2002-02-15 00:00:00-05:00,5.925702496454857,5.955459967869417,5.75310979158151,5.846349239349365,48534077,0.0,0.0
2002-02-19 00:00:00-05:00,5.7977462720432795,5.7977462720432795,5.267071298985827,5.2968292236328125,88173360,0.0,0.0
2002-02-20 00:00:00-05:00,5.366261885336375,5.448591423972661,5.19466038744071,5.393043518066406,72246557,0.0,0.0
2002-02-21 00:00:00-05:00,5.362293665592667,5.5874588664017715,5.302779179117108,5.354359149932861,71349379,0.0,0.0
2002-02-22 00:00:00-05:00,5.348407149896931,5.354358822942099,5.143080723148516,5.177797317504883,72086890,0.0,0.0
2002-02-25 00:00:00-05:00,5.2105311371141045,5.389075967319269,5.127211295205013,5.370230197906494,56391984,0.0,0.0
2002-02-26 00:00:00-05:00,5.372213675658232,5.391060343190017,5.1867255344019565,5.279965877532959,57188419,0.0,0.0
2002-02-27 00:00:00-05:00,5.223426480837161,5.223426480837161,4.8455068671924115,4.871296405792236,123790550,0.0,0.0
2002-02-28 00:00:00-05:00,5.0587683531001355,5.230369397087952,5.045872910512417,5.162919044494629,125634326,0.0,0.0
2002-03-01 00:00:00-05:00,5.191685309541672,5.485292540176595,5.1807745064202475,5.441647529602051,62801482,0.0,0.0
2002-03-04 00:00:00-05:00,5.57654775525295,5.906855748252536,5.57654775525295,5.897928237915039,81227837,0.0,0.0
2002-03-05 00:00:00-05:00,5.854284529431932,5.891976963236818,5.728310886533332,5.823534965515137,68909702,0.0,0.0
2002-03-06 00:00:00-05:00,5.7560838271259955,5.840396193475223,5.673755201834026,5.809647083282471,44832269,0.0,0.0
2002-03-07 00:00:00-05:00,5.861228900844441,5.899914339029317,5.703514457244985,5.71541690826416,41724461,0.0,0.0
2002-03-08 00:00:00-05:00,5.85229923218653,6.00803032609713,5.7630268367319974,5.99513578414917,63415440,0.0,0.0
2002-03-11 00:00:00-05:00,5.852300035073368,6.040764006888624,5.81262385895023,5.992160320281982,47574173,0.0,0.0
2002-03-12 00:00:00-05:00,5.862219393267928,5.8919773130483915,5.733270805004293,5.820559024810791,49077706,0.0,0.0
2002-03-13 00:00:00-05:00,5.726327978949954,5.773940021635509,5.590435170769427,5.633087635040283,51931757,0.0,0.0
2002-03-14 00:00:00-05:00,5.65490998364148,5.664829140985668,5.557701702241773,5.6221771240234375,48717504,0.0,0.0
2002-03-15 00:00:00-05:00,5.646974555174562,5.735255332080335,5.562661711226745,5.723352432250977,44272483,0.0,0.0
2002-03-18 00:00:00-05:00,5.758069062687503,5.7898102739303745,5.621184611585294,5.736246109008789,61252330,0.0,0.0
2002-03-19 00:00:00-05:00,5.757076263427734,5.799728275342905,5.694585489649508,5.757076263427734,29647728,0.0,0.0
2002-03-20 00:00:00-05:00,5.698554392774983,5.772947627206575,5.56464621118032,5.589443206787109,46650384,0.0,0.0
2002-03-21 00:00:00-05:00,5.600355110472694,5.8503173380254925,5.508106407041695,5.80766487121582,55766621,0.0,0.0
2002-03-22 00:00:00-05:00,5.797745945487134,5.9038808442161566,5.6926026928263855,5.873131275177002,53795491,0.0,0.0
2002-03-25 00:00:00-05:00,5.823535107607632,5.91479080711504,5.678714794750849,5.693593978881836,52070515,0.0,0.0
2002-03-26 00:00:00-05:00,5.685659959007061,5.791794860297686,5.57158919184524,5.653918743133545,54507341,0.0,0.0
2002-03-27 00:00:00-05:00,5.625151531870555,5.681691083020893,5.5725799129972176,5.668796539306641,29786486,0.0,0.0
2002-03-28 00:00:00-05:00,5.6886332136342315,5.703512395836156,5.546789655037802,5.618207931518555,28339978,0.0,0.0
2002-04-01 00:00:00-05:00,5.545798931514989,5.6618529852199355,5.4704140531923215,5.603330135345459,54750643,0.0,0.0
2002-04-02 00:00:00-05:00,5.526952641784265,5.55472592076076,5.420816856587734,5.452558517456055,52178861,0.0,0.0
2002-04-03 00:00:00-05:00,5.470413686336178,5.470413686336178,5.2442568189235175,5.292860507965088,55832198,0.0,0.0
2002-04-04 00:00:00-05:00,5.267070494256268,5.32658588493491,5.170854762624462,5.238305568695068,50825491,0.0,0.0
2002-04-05 00:00:00-05:00,5.246240763362991,5.316667415501776,5.0905105199615726,5.269055366516113,55787530,0.0,0.0
2002-04-08 00:00:00-04:00,5.167878949703452,5.51504944139775,5.127211125626214,5.470413684844971,56499379,0.0,0.0
2002-04-09 00:00:00-04:00,5.495210359404884,5.579523174418882,5.274013569044664,5.276988506317139,53285126,0.0,0.0
2002-04-10 00:00:00-04:00,5.300796617262475,5.380149426664142,5.172838768012148,5.338489055633545,44093808,0.0,0.0
2002-04-11 00:00:00-04:00,5.249216773807083,5.259135931426656,5.022068244127746,5.042898654937744,54508291,0.0,0.0
2002-04-12 00:00:00-04:00,5.099436041646433,5.3682453495744396,5.0934848177482355,5.364278316497803,56368224,0.0,0.0
2002-04-15 00:00:00-04:00,5.386100693204676,5.529928014595347,5.325593208524063,5.48430061340332,52493443,0.0,0.0
2002-04-16 00:00:00-04:00,5.528937139933219,5.587459992314885,5.427761818253976,5.562661647796631,50195376,0.0,0.0
2002-04-17 00:00:00-04:00,5.564644782735096,5.569604360392227,5.361301649270577,5.4485907554626465,38739254,0.0,0.0
2002-04-18 00:00:00-04:00,5.4158574962821255,5.464462085014135,5.23235399008474,5.261119365692139,59136739,0.0,0.0
2002-04-19 00:00:00-04:00,5.285916943846321,5.454542603496855,5.13316211432471,5.395028114318848,152620934,0.0,0.0
2002-04-22 00:00:00-04:00,5.367253664765616,5.367253664765616,5.1916851292219155,5.324601650238037,78981091,0.0,0.0
2002-04-23 00:00:00-04:00,5.3087316960876665,5.390069604236471,5.182758474112765,5.200613498687744,58375469,0.0,0.0
2002-04-24 00:00:00-04:00,5.268062375860005,5.299803589325395,5.080590932163028,5.08654260635376,54842832,0.0,0.0
2002-04-25 00:00:00-04:00,5.0766232454932165,5.2333460283795095,5.0111575233566406,5.1371307373046875,64224230,0.0,0.0
2002-04-26 00:00:00-04:00,5.158952756330152,5.232354343576921,4.922876712922351,4.929819583892822,62863258,0.0,0.0
2002-04-29 00:00:00-04:00,4.955609528458818,5.1083643759913535,4.9149408024096735,5.042898654937744,69949440,0.0,0.0
2002-04-30 00:00:00-04:00,4.969496948307281,5.351384092456977,4.968504403148392,5.26707124710083,62510659,0.0,0.0
2002-05-01 00:00:00-04:00,5.247232712401106,5.405939687760481,5.134154492551049,5.362294673919678,65381818,0.0,0.0
2002-05-02 00:00:00-04:00,5.359318899496472,5.453550884509439,5.182757377624512,5.182757377624512,66738989,0.0,0.0
2002-05-03 00:00:00-04:00,5.16490376923915,5.197636628721517,5.05678468492232,5.08654260635376,38580538,0.0,0.0
2002-05-06 00:00:00-04:00,5.08455831060407,5.1678785935372495,4.994293359653461,5.012148380279541,41853715,0.0,0.0
2002-05-07 00:00:00-04:00,5.0786066030952695,5.119275326741759,4.885183490463004,4.942714691162109,69137798,0.0,0.0
2002-05-08 00:00:00-04:00,5.113323904126337,5.371221527484875,5.1123318086525344,5.356342792510986,62253101,0.0,0.0
2002-05-09 00:00:00-04:00,5.267071020723297,5.353368053643667,5.157960284363721,5.32261848449707,47711030,0.0,0.0
2002-05-10 00:00:00-04:00,5.2918681440152255,5.303770591263629,5.0637275660782475,5.257150650024414,58269974,0.0,0.0
2002-05-13 00:00:00-04:00,5.203587443204991,5.415856745089719,5.178789104522129,5.398002624511719,46179936,0.0,0.0
2002-05-14 00:00:00-04:00,5.452557681399047,5.6787140585143625,5.435695207599695,5.618207931518555,56274134,0.0,0.0
2002-05-15 00:00:00-04:00,5.559686251292904,5.790802253988651,5.510089566344286,5.688634395599365,52013491,0.0,0.0
2002-05-16 00:00:00-04:00,5.641023479335872,5.678715921539495,5.5150502578897305,5.573573112487793,44693510,0.0,0.0
2002-05-17 00:00:00-04:00,5.616223775570091,5.68367321626339,5.506121431585264,5.586466312408447,34871126,0.0,0.0
2002-05-20 00:00:00-04:00,5.5338954373507905,5.589441990042342,5.425776370493902,5.575555801391602,34846416,0.0,0.0
2002-05-21 00:00:00-04:00,5.594401552129722,5.651932744939283,5.435695510879089,5.469420909881592,44442605,0.0,0.0
2002-05-22 00:00:00-04:00,5.436687841713037,5.4981869742536125,5.327578014604064,5.480332851409912,41978218,0.0,0.0
2002-05-23 00:00:00-04:00,5.544806826701925,5.824526957225211,5.5438151807399665,5.820559024810791,71011987,0.0,0.0
2002-05-24 00:00:00-04:00,5.792785812056948,5.803696614896985,5.669788446718898,5.682682991027832,31269110,0.0,0.0
2002-05-28 00:00:00-04:00,5.697561518469969,5.698553613929325,5.529927953347415,5.550758361816406,37037088,0.0,0.0
2002-05-29 00:00:00-04:00,5.5200085153835845,5.722359567477534,5.517033128201598,5.638046741485596,45452880,0.0,0.0
2002-05-30 00:00:00-04:00,5.592418374576501,5.667803689519081,5.515048868841043,5.598369598388672,37467619,0.0,0.0
2002-05-31 00:00:00-04:00,5.693594452984819,5.743190688666214,5.476365089416504,5.476365089416504,49140432,0.0,0.0
2002-06-03 00:00:00-04:00,5.500170720482206,5.597378090849464,5.436687402072869,5.468428611755371,33750605,0.0,0.0
2002-06-04 00:00:00-04:00,5.441647410583348,5.553734423042721,5.391060429600559,5.470413684844971,53072237,0.0,0.0
2002-06-05 00:00:00-04:00,5.478346899038709,5.5547247486743725,5.247230957692864,5.456524848937988,84170275,0.0,0.0
2002-06-06 00:00:00-04:00,5.436687233447981,5.541830464877438,5.3801485847389605,5.447598934173584,45457632,0.0,0.0
2002-06-07 00:00:00-04:00,5.345433078653152,5.646974872876752,5.3404730497960875,5.621185779571533,64985501,0.0,0.0
2002-06-10 00:00:00-04:00,5.614241258721421,5.728311568179581,5.58944291583873,5.6221771240234375,36604656,0.0,0.0
2002-06-11 00:00:00-04:00,5.654910252522938,5.7660047301557515,5.518025784760075,5.529928684234619,50017651,0.0,0.0
2002-06-12 00:00:00-04:00,5.521000642374864,5.792785810145765,5.507114452097163,5.783858299255371,59451322,0.0,0.0
2002-06-13 00:00:00-04:00,5.7531097258100905,5.944549096770722,5.72731973773676,5.853292942047119,59821978,0.0,0.0
2002-06-14 00:00:00-04:00,5.7183923012804625,5.901896708632297,5.613249505159767,5.856268405914307,77457600,0.0,0.0
2002-06-17 00:00:00-04:00,5.909832225913087,6.314533965451127,5.907848933723942,6.258986949920654,94710211,0.0,0.0
2002-06-18 00:00:00-04:00,6.218317736648468,6.358178034458795,6.161778180391813,6.16772985458374,78160896,0.0,0.0
2002-06-19 00:00:00-04:00,6.152851865626093,6.249067606232628,6.08639359837347,6.132021903991699,60741965,0.0,0.0
2002-06-20 00:00:00-04:00,6.124085190457097,6.149875176935425,5.96141120512017,5.992160320281982,59446570,0.0,0.0
2002-06-21 00:00:00-04:00,6.030845117887786,6.040764274738935,5.852300294567098,5.926694869995117,53071286,0.0,0.0
2002-06-24 00:00:00-04:00,5.896937289594047,6.320484772108608,5.88205855346028,6.2173261642456055,96126307,0.0,0.0
2002-06-25 00:00:00-04:00,6.27386570830783,6.338339781899731,5.9247105586113324,5.985218048095703,76467283,0.0,0.0
2002-06-26 00:00:00-04:00,5.782867231265039,6.130037306661131,5.7739406185268525,6.013983249664307,105927782,0.0,0.0
2002-06-27 00:00:00-04:00,6.084410620325145,6.134997612139966,5.926696171564868,6.094328880310059,63582710,0.0,0.0
2002-06-28 00:00:00-04:00,6.090361036963121,6.192528001776986,6.041756894461904,6.112183094024658,53691898,0.0,0.0
2002-07-01 00:00:00-04:00,6.054651396812009,6.125077141122998,5.802704991238146,5.808656215667725,53848714,0.0,0.0
2002-07-02 00:00:00-04:00,5.801713695742306,5.88205860181176,5.658878007492901,5.721368789672852,60736262,0.0,0.0
2002-07-03 00:00:00-04:00,5.7094647947119554,5.885034236099185,5.496203365248669,5.861227989196777,60504365,0.0,0.0
2002-07-05 00:00:00-04:00,5.906855714235519,6.044731805495175,5.906855714235519,6.00604772567749,24810192,0.0,0.0
2002-07-08 00:00:00-04:00,5.753109529093956,5.938597219688449,5.5586938782468955,5.578531742095947,126204566,0.0,0.0
2002-07-09 00:00:00-04:00,5.621184014888825,5.738230140349357,5.564644918126321,5.658876895904541,81877910,0.0,0.0
2002-07-10 00:00:00-04:00,5.933637211610018,5.991168406124443,5.8126235987141195,5.835437297821045,163936397,0.0,0.0
2002-07-11 00:00:00-04:00,5.842382141525294,6.086393134725825,5.7382309927206,5.989184856414795,132425885,0.0,0.0
2002-07-12 00:00:00-04:00,6.058619088847207,6.149875238845668,6.0010878911779,6.051675319671631,67653274,0.0,0.0
2002-07-15 00:00:00-04:00,5.981250303045462,6.071514368523368,5.753110125161247,6.030845642089844,99311098,0.0,0.0
2002-07-16 00:00:00-04:00,5.981249651307041,6.068538769099644,5.886026017348382,6.024893760681152,93055565,0.0,0.0
2002-07-17 00:00:00-04:00,6.090361036963121,6.196495934575053,6.06754643479927,6.112183094024658,84019162,0.0,0.0
2002-07-18 00:00:00-04:00,6.097303869776271,6.149875491348482,5.9673627343357305,5.996128559112549,116598874,0.0,0.0
2002-07-19 00:00:00-04:00,5.77294711520876,5.946532362372586,5.6201922775134765,5.645982265472412,501891034,0.0,0.0
2002-07-22 00:00:00-04:00,5.826511828774057,5.867179656975154,5.537864603265995,5.559686660766602,214499578,0.0,0.0
2002-07-23 00:00:00-04:00,5.5348877077736764,5.674747998752198,5.26707047361904,5.273021697998047,172892016,0.0,0.0
2002-07-24 00:00:00-04:00,5.157960266141104,5.543815774890123,5.06372871641299,5.529928684234619,148574131,0.0,0.0
2002-07-25 00:00:00-04:00,5.430736609180955,5.564645676964603,5.230369729538639,5.292860507965088,101386771,0.0,0.0
2002-07-26 00:00:00-04:00,5.287900786932044,5.476364763107295,5.287900786932044,5.452558517456055,78383290,0.0,0.0
2002-07-29 00:00:00-04:00,5.554726020173929,5.782866626995434,5.549766441764766,5.729303359985352,97575667,0.0,0.0
2002-07-30 00:00:00-04:00,5.687641926170222,5.879082171471419,5.670779451308493,5.78286600112915,81950141,0.0,0.0
2002-07-31 00:00:00-04:00,5.732279205249136,5.7481500359903555,5.5606777021387686,5.662844657897949,83907965,0.0,0.0
2002-08-01 00:00:00-04:00,5.580516111717017,5.6251518687091835,5.455534553667889,5.478348255157471,69275606,0.0,0.0
2002-08-02 00:00:00-04:00,5.46942201657884,5.518025709403744,5.311707589269897,5.445615768432617,81953942,0.0,0.0
2002-08-05 00:00:00-04:00,5.381141095892864,5.4932272056251445,5.227394168908309,5.291868686676025,69332630,0.0,0.0
2002-08-06 00:00:00-04:00,5.381142094366355,5.554726917196768,5.381142094366355,5.482316970825195,75379075,0.0,0.0
2002-08-07 00:00:00-04:00,5.536870325918324,5.5715878200875775,5.281948566078969,5.50612211227417,80783050,0.0,0.0
2002-08-08 00:00:00-04:00,5.469420887524091,5.677722706289736,5.418833013988199,5.6568922996521,69976051,0.0,0.0
2002-08-09 00:00:00-04:00,5.604321480582364,5.745173409363113,5.51108204120631,5.675739765167236,57616099,0.0,0.0
2002-08-12 00:00:00-04:00,5.603329727773685,5.761044591433145,5.545798528127886,5.749141693115234,50942390,0.0,0.0
2002-08-13 00:00:00-04:00,5.723352316782266,5.923719216687868,5.559686660766602,5.559686660766602,87636384,0.0,0.0
2002-08-14 00:00:00-04:00,5.524968887636358,5.713432878711367,5.439664403494689,5.7015299797058105,87261926,0.0,0.0
2002-08-15 00:00:00-04:00,5.732278446423118,5.83246209698031,5.604321070506513,5.8215508460998535,76437821,0.0,0.0
2002-08-16 00:00:00-04:00,5.758068533395887,5.91082335131695,5.689626538897183,5.8493242263793945,62384256,0.0,0.0
2002-08-19 00:00:00-04:00,5.842382371909517,6.148884156383674,5.827503635779272,6.135988712310791,83352931,0.0,0.0
2002-08-20 00:00:00-04:00,6.004063218071142,6.105239422606624,5.936612864569667,5.992160320281982,93697085,0.0,0.0
2002-08-21 00:00:00-04:00,6.0318367388238885,6.080440420139534,5.887016891174694,5.991168022155762,72148666,0.0,0.0
2002-08-22 00:00:00-04:00,5.990177721438679,6.090360943070139,5.886026567070323,6.089369297027588,44046288,0.0,0.0
2002-08-23 00:00:00-04:00,6.040765251988486,6.0457248312164005,5.862220399783564,5.966372013092041,45661968,0.0,0.0
2002-08-26 00:00:00-04:00,5.967362411007799,5.987200723769799,5.805680971137414,5.876106262207031,40701830,0.0,0.0
2002-08-27 00:00:00-04:00,5.865196467693216,5.880075204821266,5.654910406187876,5.673757076263428,42289949,0.0,0.0
2002-08-28 00:00:00-04:00,5.643999249439164,5.673757173728711,5.466446496469941,5.494219779968262,54892253,0.0,0.0
2002-08-29 00:00:00-04:00,5.452557920921449,5.682682239906988,5.43172841349011,5.658876895904541,59831482,0.0,0.0
2002-08-30 00:00:00-04:00,5.6092809864302025,5.717400057825651,5.599361380790407,5.6063055992126465,32877187,0.0,0.0
2002-09-03 00:00:00-04:00,5.566630241545893,5.599363107208663,5.372214991410781,5.402964115142822,47005834,0.0,0.0
2002-09-04 00:00:00-04:00,5.428752682634236,5.530919635688569,5.316666573009797,5.514057159423828,63522835,0.0,0.0
2002-09-05 00:00:00-04:00,5.4505744705751455,5.5011623464171056,5.3999865947331855,5.423792839050293,47249136,0.0,0.0
2002-09-06 00:00:00-04:00,5.500171225247068,5.61820901410975,5.49223536019544,5.599361896514893,48495110,0.0,0.0
2002-09-09 00:00:00-04:00,5.55472575110211,5.882057910250855,5.515049125750747,5.851308345794678,87863530,0.0,0.0
2002-09-10 00:00:00-04:00,5.842382289333265,5.972322530465268,5.828495199427981,5.935621738433838,75961670,0.0,0.0
2002-09-11 00:00:00-04:00,5.9495085149771825,5.996128461833095,5.762036182546705,5.795761585235596,60291475,0.0,0.0
2002-09-12 00:00:00-04:00,5.7521168950751305,5.856268038662324,5.720375684076803,5.7382307052612305,50405414,0.0,0.0
2002-09-13 00:00:00-04:00,5.665820337971085,5.7987368560402235,5.65490953547053,5.753109455108643,30623789,0.0,0.0
2002-09-16 00:00:00-04:00,5.743190283527286,5.786833942937529,5.678714867024178,5.7382307052612305,25518240,0.0,0.0
2002-09-17 00:00:00-04:00,5.827502945626834,5.859244155707793,5.662844322621564,5.675739765167236,36120902,0.0,0.0
2002-09-18 00:00:00-04:00,5.643998711266868,5.79972894160626,5.632096261921605,5.7679877281188965,44888342,0.0,0.0
2002-09-19 00:00:00-04:00,5.698553906654085,5.776915067258551,5.663837306626074,5.665820598602295,42092266,0.0,0.0
2002-09-20 00:00:00-04:00,5.695577847321264,5.713431968223266,5.6102724777293425,5.649949550628662,61966080,0.0,0.0
2002-09-23 00:00:00-04:00,5.609281310273089,5.643998358689122,5.476364790432012,5.553734302520752,66662957,0.0,0.0
2002-09-24 00:00:00-04:00,5.524968557412489,5.65887762416856,5.505129794226012,5.531912326812744,62627558,0.0,0.0
2002-09-25 00:00:00-04:00,5.578532080768008,5.65391830548649,5.506123041706972,5.617217063903809,60677338,0.0,0.0
2002-09-26 00:00:00-04:00,5.628129100735772,5.706490274416428,5.525961227012509,5.621185779571533,48282221,0.0,0.0
2002-09-27 00:00:00-04:00,5.592420086055178,5.783859493427109,5.545799679553825,5.703514575958252,51988781,0.0,0.0
2002-09-30 00:00:00-04:00,5.548774818776744,5.548774818776744,5.1996201377078615,5.238305568695068,162812074,0.0,0.0
2002-10-01 00:00:00-04:00,5.269054725573613,5.328569667185564,5.134154011444312,5.3077392578125,95832634,0.0,0.0
2002-10-02 00:00:00-04:00,5.2472315272216195,5.425776328460907,5.227393665494953,5.286908149719238,77368262,0.0,0.0
2002-10-03 00:00:00-04:00,5.257152015156627,5.343449050576767,5.078607168669039,5.148041725158691,89387021,0.0,0.0
2002-10-04 00:00:00-04:00,5.133162055691249,5.207555728216724,5.034962138244317,5.192676544189453,111773693,0.0,0.0
2002-10-07 00:00:00-04:00,5.128202607782457,5.180774227606914,4.981399000365514,5.023059368133545,72820598,0.0,0.0
2002-10-08 00:00:00-04:00,5.118284213145532,5.292861125382056,5.02405221152486,5.18970251083374,79037165,0.0,0.0
2002-10-09 00:00:00-04:00,5.119274791514612,5.2918683755670335,5.083565650118342,5.258143424987793,81876960,0.0,0.0
2002-10-10 00:00:00-04:00,5.309723079299084,5.356343027693114,5.158952431037059,5.285917282104492,93120192,0.0,0.0
2002-10-11 00:00:00-04:00,5.335513994464381,5.584485530853272,5.331546060893493,5.5844855308532715,90643450,0.0,0.0
2002-10-14 00:00:00-04:00,5.5051309482082225,5.743191661126091,5.5051309482082225,5.703514575958252,57099082,0.0,0.0
2002-10-15 00:00:00-04:00,5.869163675786417,5.931654453910938,5.668796797112185,5.754101276397705,123219360,0.0,0.0
2002-10-16 00:00:00-04:00,5.710456136846726,5.763027756912914,5.58249964559542,5.751124858856201,90690019,0.0,0.0
2002-10-17 00:00:00-04:00,5.817583964190815,5.911815958635244,5.719384037109079,5.7679877281188965,109502237,0.0,0.0
2002-10-18 00:00:00-04:00,5.574564537376579,5.978273213121533,5.524968305950992,5.947524547576904,156944304,0.0,0.0
2002-10-21 00:00:00-04:00,5.948517079494775,6.283783780622005,5.936613281824599,6.2510504722595215,121845082,0.0,0.0
2002-10-22 00:00:00-04:00,6.136980706721266,6.188559331729142,6.085400733146835,6.162769794464111,89828957,0.0,0.0
2002-10-23 00:00:00-04:00,6.095321501368349,6.313542087594065,6.086393989075749,6.309574604034424,61306502,0.0,0.0
2002-10-24 00:00:00-04:00,6.336354329261487,6.392893425292746,6.139955411418391,6.156817436218262,71733341,0.0,0.0
2002-10-25 00:00:00-04:00,6.1459075330903845,6.164754200869709,6.077465530449042,6.148883819580078,47626445,0.0,0.0
2002-10-28 00:00:00-05:00,6.203438044310377,6.239147184912246,5.986208712628429,6.010014057159424,55912032,0.0,0.0
2002-10-29 00:00:00-05:00,6.038780272359566,6.1300359652276715,5.97728114749978,6.068538188934326,57272054,0.0,0.0
2002-10-30 00:00:00-05:00,6.084408782460393,6.239147346866818,6.020926363656038,6.200462818145752,61596374,0.0,0.0
2002-10-31 00:00:00-05:00,6.2490666255143505,6.3849589759327126,6.243115401490889,6.272871971130371,73051546,0.0,0.0
2002-11-01 00:00:00-05:00,6.211374859989878,6.434555449617086,6.146899438524493,6.4266204833984375,59879952,0.0,0.0
2002-11-04 00:00:00-05:00,6.430587777422376,6.591278491735665,6.417693232033737,6.440506935119629,68054342,0.0,0.0
2002-11-05 00:00:00-05:00,6.400830050191573,6.563504038734417,6.400830050191573,6.557552814483643,42171149,0.0,0.0
2002-11-06 00:00:00-05:00,6.527796082295328,6.582351453554312,6.42066863203278,6.546642303466797,49748688,0.0,0.0
2002-11-07 00:00:00-05:00,6.4365394033044865,6.462328492086173,6.238156264710559,6.314533233642578,59979744,0.0,0.0
2002-11-08 00:00:00-05:00,6.258985897042094,6.387934480858584,6.257994251114335,6.332387924194336,39765686,0.0,0.0
2002-11-11 00:00:00-05:00,6.327428424492067,6.327428424492067,6.125076911968443,6.137972354888916,43050269,0.0,0.0
2002-11-12 00:00:00-05:00,6.1816167274700415,6.305606638951955,6.149875515112797,6.228236675262451,35678016,0.0,0.0
2002-11-13 00:00:00-05:00,6.186576138989786,6.2966789580475195,6.149875349144606,6.261961460113525,44013024,0.0,0.0
2002-11-14 00:00:00-05:00,6.334370313945764,6.470263097036587,6.334370313945764,6.463319778442383,42592176,0.0,0.0
2002-11-15 00:00:00-05:00,6.442490106495632,6.556559952435697,6.348258123287701,6.543665409088135,39853123,0.0,0.0
2002-11-18 00:00:00-05:00,6.595245894677984,6.838264789214755,6.586318383754334,6.709315299987793,81804730,0.0,0.0
2002-11-19 00:00:00-05:00,6.650793006655151,6.684518862153978,6.43753156510099,6.460345268249512,81636509,0.0,0.0
2002-11-20 00:00:00-05:00,6.471255886490335,6.719234355744503,6.4514171234660305,6.681541919708252,56163888,0.0,0.0
2002-11-21 00:00:00-05:00,6.700388588540658,6.862070034474074,6.645832776877143,6.859095096588135,85265136,0.0,0.0
2002-11-22 00:00:00-05:00,6.789661384805235,6.993003660263773,6.774782648831033,6.952335834503174,62572435,0.0,0.0
2002-11-25 00:00:00-05:00,6.961261038790647,6.968204807125289,6.769821700927031,6.844214916229248,56063146,0.0,0.0
2002-11-26 00:00:00-05:00,6.815451563227178,6.82437817572891,6.677574553461915,6.69939661026001,43024608,0.0,0.0
2002-11-27 00:00:00-05:00,6.789660476699049,6.944399040421381,6.787676285883427,6.905714511871338,44898797,0.0,0.0
2002-11-29 00:00:00-05:00,6.940431060887278,6.940431060887278,6.8352878283085605,6.836280822753906,15007766,0.0,0.0
2002-12-02 00:00:00-05:00,6.926545109766504,7.027719964215162,6.890835967413423,7.017800807952881,61074605,0.0,0.0
2002-12-03 00:00:00-05:00,6.948367761233997,6.963246496907065,6.8065237245796375,6.833305358886719,59136739,0.0,0.0
2002-12-04 00:00:00-05:00,6.776765945039725,6.825369636109818,6.655752315612824,6.76982307434082,56459462,0.0,0.0
2002-12-05 00:00:00-05:00,6.804539643035877,6.806524283761979,6.700389383812475,6.730146408081055,45253296,0.0,0.0
2002-12-06 00:00:00-05:00,6.576398861470257,6.807515310110135,6.556560547415714,6.798587799072266,82209600,0.0,0.0
2002-12-09 00:00:00-05:00,6.7599027835968295,6.786684415752939,6.669638730809782,6.692452430725098,51380525,0.0,0.0
2002-12-10 00:00:00-05:00,6.722210550866705,6.839256239321179,6.690469339599014,6.764863014221191,38586240,0.0,0.0
2002-12-11 00:00:00-05:00,6.720226069577403,6.825368855454058,6.639881174170077,6.704355239868164,43948397,0.0,0.0
2002-12-12 00:00:00-05:00,6.7559361011934165,6.820410175380587,6.731138656981261,6.817434787750244,45999360,0.0,0.0
2002-12-13 00:00:00-05:00,6.757920273198721,6.8134668357710915,6.665671569341014,6.686501979827881,54875146,0.0,0.0
2002-12-16 00:00:00-05:00,6.734113626231998,6.884884720865444,6.698404481664144,6.871989727020264,47341325,0.0,0.0
2002-12-17 00:00:00-05:00,6.864055064676244,6.999947430002844,6.85413590736011,6.952335834503174,51139123,0.0,0.0
2002-12-18 00:00:00-05:00,6.910675021111649,6.915634599774707,6.823386346737384,6.880917549133301,37321258,0.0,0.0
2002-12-19 00:00:00-05:00,6.8739743450824236,6.960270475851407,6.75494400563515,6.817434787750244,46670342,0.0,0.0
2002-12-20 00:00:00-05:00,6.860086137701773,6.933487711393094,6.794619978617604,6.927536487579346,46773936,0.0,0.0
2002-12-23 00:00:00-05:00,6.910674714441096,6.9949875479715855,6.897779271062733,6.953327178955078,33129043,0.0,0.0
2002-12-24 00:00:00-05:00,6.938448230474941,6.949359483230067,6.86207036023349,6.91265869140625,13356922,0.0,0.0
2002-12-26 00:00:00-05:00,6.9096821007389435,6.988043709072272,6.680550298186831,6.7063398361206055,52101878,0.0,0.0
2002-12-27 00:00:00-05:00,6.7063401857313885,6.73312182054894,6.596237809365409,6.648809432983398,31279565,0.0,0.0
2002-12-30 00:00:00-05:00,6.694437778351236,6.782717649582976,6.655752345385891,6.723202705383301,41138064,0.0,0.0
2002-12-31 00:00:00-05:00,6.724194180815566,6.772797870870015,6.624010963667735,6.727170467376709,30217018,0.0,0.0
2003-01-02 00:00:00-05:00,6.765855241697006,6.898771771970639,6.69642113941509,6.878933906555176,72765475,0.0,0.0
2003-01-03 00:00:00-05:00,6.903731503568044,6.943408583844184,6.834297399748713,6.936465263366699,48452342,0.0,0.0
2003-01-06 00:00:00-05:00,6.923569018991938,7.314383606954056,6.905714896833347,7.240981578826904,125062186,0.0,0.0
2003-01-07 00:00:00-05:00,7.23403859148302,7.2747073124569495,7.124927421761906,7.198329448699951,67424227,0.0,0.0
2003-01-08 00:00:00-05:00,7.1616289208426025,7.2310639214463714,7.039623644863284,7.127904415130615,71892058,0.0,0.0
2003-01-09 00:00:00-05:00,7.184443354402921,7.3530685656069315,7.1794833266240845,7.2925615310668945,68634086,0.0,0.0
2003-01-10 00:00:00-05:00,7.223126746005891,7.340172422072809,7.1616276218759145,7.2766900062561035,54213667,0.0,0.0
2003-01-13 00:00:00-05:00,7.304464526389708,7.4195269303684075,7.27569959967836,7.337198734283447,54677462,0.0,0.0
2003-01-14 00:00:00-05:00,7.304464718872852,7.360012630301427,7.200314463984586,7.358028888702393,42680563,0.0,0.0
2003-01-15 00:00:00-05:00,7.34314998890189,7.373899556329968,7.255861314788132,7.290578365325928,46709309,0.0,0.0
2003-01-16 00:00:00-05:00,7.240980910575738,7.240980910575738,7.0128407806769255,7.0673956871032715,86736355,0.0,0.0
2003-01-17 00:00:00-05:00,7.197338111841806,7.44928498020567,7.1417915494851245,7.4244866371154785,137075242,0.0,0.0
2003-01-21 00:00:00-05:00,7.434405582356182,7.581208739594356,7.313391512897741,7.5147504806518555,108576547,0.0,0.0
2003-01-22 00:00:00-05:00,7.3748915357360465,7.534589705715898,7.3748915357360465,7.465155601501465,99402336,0.0,0.0
2003-01-23 00:00:00-05:00,7.4740824764529235,7.528637839402296,7.41952666398135,7.508799076080322,59845738,0.0,0.0
2003-01-24 00:00:00-05:00,7.501855787140148,7.513758235329318,7.351084251055835,7.467138290405273,67779677,0.0,0.0
2003-01-27 00:00:00-05:00,7.343149324964595,7.43837295668806,7.299505216614946,7.309423923492432,68268182,0.0,0.0
2003-01-28 00:00:00-05:00,7.3391821788551965,7.379850904259071,7.242966890898615,7.28363561630249,74389709,0.0,0.0
2003-01-29 00:00:00-05:00,7.264789054173784,7.439365958360581,7.201306175769485,7.432422637939453,72455645,0.0,0.0
2003-01-30 00:00:00-05:00,7.440357436377186,7.4542445264280515,7.360012531280517,7.360012531280518,52286256,0.0,0.0
2003-01-31 00:00:00-05:00,7.338191202653656,7.488962769459198,6.35321913636744,7.455236911773682,61696166,0.0,0.0
2003-02-03 00:00:00-05:00,7.468131396475887,7.816293990204965,7.321327781613643,7.344141483306885,51694157,0.0,0.0
2003-02-04 00:00:00-05:00,7.326286964549431,7.327279060013918,7.17650752074312,7.250900745391846,50077526,0.0,0.0
2003-02-05 00:00:00-05:00,7.301489694540003,7.402664560596136,7.241974750138355,7.293553829193115,51094454,0.0,0.0
2003-02-06 00:00:00-05:00,7.283635638005424,7.313392211436208,7.207257765701188,7.256853103637695,38572934,0.0,0.0
2003-02-07 00:00:00-05:00,7.265780291668474,7.3064490153832224,7.105090486881707,7.178492069244385,41779584,0.0,0.0
2003-02-10 00:00:00-05:00,7.171547744101264,7.3104163815680705,7.1318715684964,7.296529293060303,44233517,0.0,0.0
2003-02-11 00:00:00-05:00,7.3104161625626345,7.383817737039822,7.249908681725542,7.28065824508667,34152624,0.0,0.0
2003-02-12 00:00:00-05:00,7.250901098061353,7.374891010565684,7.2499094520708205,7.274707794189453,32125421,0.0,0.0
2003-02-13 00:00:00-05:00,7.266771622997295,7.300497474743162,7.141790968812034,7.270739555358887,48494160,0.0,0.0
2003-02-14 00:00:00-05:00,7.2866101018196545,7.4393653869628915,7.258836822268338,7.439365386962891,48494160,0.0,0.0
2003-02-18 00:00:00-05:00,7.4413495221923345,7.593112261182734,7.434405752834335,7.587160587310791,50544173,0.0,0.0
2003-02-19 00:00:00-05:00,7.538557888685379,7.6427090484631615,7.538557888685379,7.6367573738098145,54924566,0.0,0.0
2003-02-20 00:00:00-05:00,7.622869760900516,7.665522225088103,7.570298139902893,7.616918087005615,34535635,0.0,0.0
2003-02-21 00:00:00-05:00,7.611960238766723,7.779593387728,7.573275250985867,7.771658420562744,57495398,0.0,0.0
2003-02-24 00:00:00-05:00,7.743882752279978,7.786535215463608,7.693295323452852,7.712141990661621,40361587,0.0,0.0
2003-02-25 00:00:00-05:00,7.656596420144235,7.719087211874912,7.625847296895507,7.7022247314453125,45540317,0.0,0.0
2003-02-26 00:00:00-05:00,7.652627045119935,7.703214473906853,7.597079588526495,7.606007099151611,32324054,0.0,0.0
2003-02-27 00:00:00-05:00,7.6446923029636675,7.687344772376367,7.572282359475446,7.678418159484863,47176906,0.0,0.0
2003-02-28 00:00:00-05:00,7.677424930289252,7.801414844078624,7.675441638287632,7.778600692749023,42513293,0.0,0.0
2003-03-03 00:00:00-05:00,7.786535677920583,7.876799738414886,7.687344106263846,7.6923041343688965,46267373,0.0,0.0
2003-03-04 00:00:00-05:00,7.682384653644525,7.7855437040139,7.662546340148707,7.744875431060791,41106701,0.0,0.0
2003-03-05 00:00:00-05:00,7.725037952406963,7.845060405326799,7.719087176258076,7.823237895965576,39106109,0.0,0.0
2003-03-06 00:00:00-05:00,7.786535499378523,7.8341479921086785,7.7637222475605565,7.822244644165039,29307485,0.0,0.0
2003-03-07 00:00:00-05:00,7.740907617569479,7.941275857253163,7.739915971535185,7.925405025482178,56906150,0.0,0.0
2003-03-10 00:00:00-05:00,7.860930634699015,7.917469746597931,7.846051447860079,7.881760597229004,38653718,0.0,0.0
2003-03-11 00:00:00-05:00,7.905567904401036,7.924413677120929,7.802407931832994,7.823237895965576,34689600,0.0,0.0
2003-03-12 00:00:00-05:00,7.803397995427519,7.846050460271074,7.623861524118063,7.842082977294922,55711498,0.0,0.0
2003-03-13 00:00:00-05:00,7.920444916752245,8.241825435910636,7.871840775898797,8.223970413208008,99898445,0.0,0.0
2003-03-14 00:00:00-05:00,8.241824582551986,8.348951111498085,8.196196283539999,8.323161125183105,72034618,0.0,0.0
2003-03-17 00:00:00-05:00,8.28745211825672,8.649501780429159,8.273566377994609,8.629663467407227,95185411,0.0,0.0
2003-03-18 00:00:00-05:00,8.631648363305231,8.74274238587488,8.546343430534886,8.736791610717773,76496746,0.0,0.0
2003-03-19 00:00:00-05:00,8.735799715745774,8.752661293762236,8.598914809188887,8.715960502624512,69808781,0.0,0.0
2003-03-20 00:00:00-05:00,8.691162836689859,8.863755984923861,8.64057450776001,8.842926025390625,69426720,0.0,0.0
2003-03-21 00:00:00-05:00,8.897481751975315,8.925255932937679,8.765556864776391,8.90640926361084,70800998,0.0,0.0
2003-03-24 00:00:00-05:00,8.793330083010142,8.828046681606594,8.634622678280557,8.684219360351562,72732211,0.0,0.0
2003-03-25 00:00:00-05:00,8.689178575270997,8.891529192216737,8.684219446441361,8.79828929901123,62550576,0.0,0.0
2003-03-26 00:00:00-05:00,8.786384211906695,8.970880669878802,8.758610938252488,8.937155723571777,92031034,0.0,0.0
2003-03-27 00:00:00-05:00,8.885577276735305,8.95401972584251,8.833005657731206,8.905416488647461,78418454,0.0,0.0
2003-03-28 00:00:00-05:00,8.892521679060403,8.923271697080567,8.808209288628833,8.856813430786133,43805837,0.0,0.0
2003-03-31 00:00:00-05:00,8.682234168928938,8.699096643310432,8.365812839968061,8.462029457092285,131734944,0.0,0.0
2003-04-01 00:00:00-05:00,8.531463809268073,8.61775947551119,8.481867131377882,8.542374610900879,76508150,0.0,0.0
2003-04-02 00:00:00-05:00,8.70405628563148,8.82705362811574,8.67925794855027,8.81019115447998,68359421,0.0,0.0
2003-04-03 00:00:00-05:00,8.874666787673025,8.935173374342556,8.789362758565506,8.842926025390625,63692957,0.0,0.0
2003-04-04 00:00:00-05:00,8.876649454499368,8.876649454499368,8.739765460136438,8.800272941589355,55032912,0.0,0.0
2003-04-07 00:00:00-04:00,9.020478302494467,9.067099148519565,8.83895764344148,8.842926025390625,64107331,0.0,0.0
2003-04-08 00:00:00-04:00,8.862765829553798,8.885579084854088,8.78837169163898,8.85582160949707,51417590,0.0,0.0
2003-04-09 00:00:00-04:00,8.851852516630805,8.853835808332542,8.580066932816626,8.62569522857666,89068637,0.0,0.0
2003-04-10 00:00:00-04:00,8.66239694207556,8.814159230501575,8.630656180050485,8.79828929901123,57215030,0.0,0.0
2003-04-11 00:00:00-04:00,8.809200784674198,8.867723178459471,8.673308431071233,8.757620811462402,42878246,0.0,0.0
2003-04-14 00:00:00-04:00,8.60982502848727,8.714968265774916,8.58105920531279,8.703064918518066,71663962,0.0,0.0
2003-04-15 00:00:00-04:00,8.658429779713737,8.76555631646101,8.642558948591514,8.745718002319336,56197152,0.0,0.0
2003-04-16 00:00:00-04:00,8.824079493467181,8.853837866353302,8.688188018539378,8.769524574279785,55970006,0.0,0.0
2003-04-17 00:00:00-04:00,8.751668564251391,8.968898346211548,8.734805190233907,8.947075843811035,70560547,0.0,0.0
2003-04-21 00:00:00-04:00,8.960962513828045,9.125620680671199,8.927237563762413,9.001630783081055,56794003,0.0,0.0
2003-04-22 00:00:00-04:00,8.892520281801303,8.907399465448048,8.787377047512082,8.849867820739746,113591808,0.0,0.0
2003-04-23 00:00:00-04:00,9.278378144876363,9.401375532600651,9.17720236680381,9.35574722290039,170541677,0.0,0.0
2003-04-24 00:00:00-04:00,9.324004086762615,9.423196556902147,9.282344166329322,9.387487411499023,58902941,0.0,0.0
2003-04-25 00:00:00-04:00,9.22481387940254,9.3279729387291,9.209935592511005,9.27143383026123,73787155,0.0,0.0
2003-04-28 00:00:00-04:00,9.23473005291786,9.323010805420553,9.181166793730888,9.285318374633789,58137869,0.0,0.0
2003-04-29 00:00:00-04:00,9.275401826649217,9.287304277012044,9.116695296122067,9.195056915283203,53291779,0.0,0.0
2003-04-30 00:00:00-04:00,9.146452913705229,9.282344380288988,9.126613699984487,9.215886116027832,54426557,0.0,0.0
2003-05-01 00:00:00-04:00,9.163315249559966,9.244652706072937,9.139509449789797,9.195056915283203,48779280,0.0,0.0
2003-05-02 00:00:00-04:00,9.152404456806044,9.461882551340873,9.149428619450468,9.447003364562988,65630822,0.0,0.0
2003-05-05 00:00:00-04:00,9.41426810637473,9.482709647733692,9.324002265930176,9.324002265930176,50167814,0.0,0.0
2003-05-06 00:00:00-04:00,9.34086658639357,9.500564731156471,9.331939076119488,9.456920623779297,63315648,0.0,0.0
2003-05-07 00:00:00-04:00,9.403357161569541,9.434107177344735,9.324003906229903,9.351778984069824,42785107,0.0,0.0
2003-05-08 00:00:00-04:00,9.280362280495172,9.347812199442094,9.237709808557128,9.251596450805664,40217126,0.0,0.0
2003-05-09 00:00:00-04:00,9.308131894098208,9.409307631661973,9.227787010736638,9.390460968017578,40757904,0.0,0.0
2003-05-12 00:00:00-04:00,9.255562541350796,9.460889003819826,9.25060251326884,9.397406578063965,48531226,0.0,0.0
2003-05-13 00:00:00-04:00,9.37855901427616,9.714817746952548,9.362688186112981,9.669189453125,107477885,0.0,0.0
2003-05-14 00:00:00-04:00,9.70390890159923,9.761439653860434,9.571984020661962,9.684070587158203,56067898,0.0,0.0
2003-05-15 00:00:00-04:00,9.6860529443528,9.815994520731671,9.602732211550848,9.728705406188965,69344986,0.0,0.0
2003-05-16 00:00:00-04:00,9.719779080085804,9.921137148997062,9.699940766977312,9.838808059692383,87866381,0.0,0.0
2003-05-19 00:00:00-04:00,9.765406394442172,9.800123891596494,9.571983292871007,9.581901550292969,60148915,0.0,0.0
2003-05-20 00:00:00-04:00,9.597774410475363,9.744578496654164,9.498583723876628,9.695974349975586,60106147,0.0,0.0
2003-05-21 00:00:00-04:00,9.662246638897136,9.716801545941651,9.559087599016301,9.62752914428711,50893920,0.0,0.0
2003-05-22 00:00:00-04:00,9.63050705514341,9.857655119962802,9.587854590354818,9.855670928955078,49796208,0.0,0.0
2003-05-23 00:00:00-04:00,9.849718914456759,9.918161364757559,9.796155648588467,9.863606452941895,52445923,0.0,0.0
2003-05-27 00:00:00-04:00,9.808060423447484,10.251446698394254,9.779294595388079,10.221689224243164,111325104,0.0,0.0
2003-05-28 00:00:00-04:00,10.115552822332733,10.264340171015075,10.018344548433642,10.036199569702148,83835734,0.0,0.0
2003-05-29 00:00:00-04:00,10.05306328750558,10.094724109899376,9.857655968674976,9.934033393859863,63735725,0.0,0.0
2003-05-30 00:00:00-04:00,9.937999126748595,10.132414765268875,9.906258366793736,10.082818984985352,45412013,0.0,0.0
2003-06-02 00:00:00-04:00,10.111585986388889,10.142335104037072,9.844760387635333,9.861623764038086,54281146,0.0,0.0
2003-06-03 00:00:00-04:00,9.819962249256454,9.874517160547544,9.694980697402622,9.823928833007812,63642586,0.0,0.0
2003-06-04 00:00:00-04:00,9.783262945119313,10.212761678123318,9.772352141013762,10.182012557983398,85738435,0.0,0.0
2003-06-05 00:00:00-04:00,10.117535318809622,10.12051205449806,9.923120584384534,10.027271270751953,63486720,0.0,0.0
2003-06-06 00:00:00-04:00,10.115554145283003,10.128449140426365,9.555121275761799,9.618603706359863,86314378,0.0,0.0
2003-06-09 00:00:00-04:00,9.63149910600242,9.757472314655983,9.543218335724815,9.620588302612305,63260525,0.0,0.0
2003-06-10 00:00:00-04:00,9.656295886667937,9.656295886667937,9.556111784141022,9.622570037841797,46445098,0.0,0.0
2003-06-11 00:00:00-04:00,9.644393002604932,9.864598651225169,9.570991419412998,9.836825370788574,79260509,0.0,0.0
2003-06-12 00:00:00-04:00,9.952879229920283,10.04810331667144,9.904275091038507,10.003467559814453,74083680,0.0,0.0
2003-06-13 00:00:00-04:00,9.993546324465777,10.033222947676183,9.819961547442405,9.844758987426758,46563898,0.0,0.0
2003-06-16 00:00:00-04:00,9.953869956248187,10.096705623655872,9.87451670779455,10.082818984985352,66240979,0.0,0.0
2003-06-17 00:00:00-04:00,10.095715347503965,10.231607714013645,10.042152077339406,10.09472370147705,61600176,0.0,0.0
2003-06-18 00:00:00-04:00,10.053062948674688,10.301041885411992,10.017353801975625,10.198874473571777,74851603,0.0,0.0
2003-06-19 00:00:00-04:00,10.196888829061667,10.295088743726195,10.097697268504866,10.107616424560547,48332592,0.0,0.0
2003-06-20 00:00:00-04:00,10.199866936059912,10.22565602603621,10.065957861783824,10.109601974487305,67040266,0.0,0.0
2003-06-23 00:00:00-04:00,10.113569144853226,10.147294998168945,10.014378473073577,10.147294998168945,52687325,0.0,0.0
2003-06-24 00:00:00-04:00,10.135391810492425,10.228631708734126,10.062981872740187,10.10365104675293,54287798,0.0,0.0
2003-06-25 00:00:00-04:00,10.105636139805327,10.18994854184441,9.989582069325298,9.99950122833252,51496474,0.0,0.0
2003-06-26 00:00:00-04:00,10.028263697237655,10.276242611515972,9.978668813426365,10.228631019592285,59342976,0.0,0.0
2003-06-27 00:00:00-04:00,10.266324073283565,10.333773976505277,10.136382496423575,10.153244972229004,53484710,0.0,0.0
2003-06-30 00:00:00-04:00,10.248470021131903,10.491488923926227,10.127455943217727,10.31592082977295,62590493,0.0,0.0
2003-07-01 00:00:00-04:00,10.264339183383617,10.596630447279038,10.183002646690069,10.573816299438477,81109987,0.0,0.0
2003-07-02 00:00:00-04:00,10.606550085076055,10.89023812863932,10.547035148624083,10.837666511535645,82175386,0.0,0.0
2003-07-03 00:00:00-04:00,10.738475463816899,11.005301044704227,10.738475463816899,10.923964500427246,57687379,0.0,0.0
2003-07-07 00:00:00-04:00,11.055889382358794,11.326682468320358,11.030100292446054,11.298909187316895,66867293,0.0,0.0
2003-07-08 00:00:00-04:00,11.316763071250323,11.39810051953604,11.14218572551999,11.287997245788574,66990845,0.0,0.0
2003-07-09 00:00:00-04:00,11.200708920387356,11.454638621996533,11.170950550150197,11.391156196594238,78168499,0.0,0.0
2003-07-10 00:00:00-04:00,11.174918465930865,11.269150004587129,11.07572689942723,11.117386817932129,71907264,0.0,0.0
2003-07-11 00:00:00-04:00,11.125321661101625,11.238399856723541,11.059855053411791,11.215585708618164,53023766,0.0,0.0
2003-07-14 00:00:00-04:00,11.33957726417535,11.432817161961733,11.278078129973464,11.302876472473145,54190858,0.0,0.0
2003-07-15 00:00:00-04:00,11.373300765561433,11.392147431529452,11.169957619606725,11.221537590026855,45267552,0.0,0.0
2003-07-16 00:00:00-04:00,11.263200690864563,11.26815982031084,11.030100928866137,11.183847427368164,43687037,0.0,0.0
2003-07-17 00:00:00-04:00,11.08564747634446,11.146154968994821,10.85254771471892,10.931900978088379,53706154,0.0,0.0
2003-07-18 00:00:00-04:00,10.988438105721416,11.01025970978411,10.830723253517318,10.921978950500488,50141203,0.0,0.0
2003-07-21 00:00:00-04:00,10.916029246341422,11.02017994641164,10.831715961434863,11.016212463378906,39219206,0.0,0.0
2003-07-22 00:00:00-04:00,11.049938558506268,11.100525995246137,10.882305415472828,11.027124404907227,46268323,0.0,0.0
2003-07-23 00:00:00-04:00,11.181864027506492,11.403060438232151,11.119373243200522,11.321722984313965,55272413,0.0,0.0
2003-07-24 00:00:00-04:00,11.456622898356096,11.69071518662472,11.421905398850448,11.480428695678711,92151734,0.0,0.0
2003-07-25 00:00:00-04:00,10.916028960349598,11.141193730807734,10.822788166778917,11.133257865905762,124214429,0.0,0.0
2003-07-28 00:00:00-04:00,11.176904707800032,11.183848028824922,10.947771517800462,10.999351501464844,59653757,0.0,0.0
2003-07-29 00:00:00-04:00,10.916029580871665,10.940827923913943,10.67400231992484,10.726573944091797,85745088,0.0,0.0
2003-07-30 00:00:00-04:00,10.714669040774046,10.800965607796853,10.625396637056214,10.728555679321289,61368278,0.0,0.0
2003-07-31 00:00:00-04:00,10.803943083427978,10.82576558948716,10.628374086053881,10.6432523727417,66748493,0.0,0.0
2003-08-01 00:00:00-04:00,10.623412546089943,10.689870801800067,10.41709445962069,10.44288444519043,73894550,0.0,0.0
2003-08-04 00:00:00-04:00,10.400232337940295,10.431973998035582,10.097697618241517,10.252436637878418,100918224,0.0,0.0
2003-08-05 00:00:00-04:00,10.21772108748269,10.343694296762774,10.137376182125578,10.139359474182129,72068832,0.0,0.0
2003-08-06 00:00:00-04:00,10.137374396154136,10.3238532640614,9.990570352832604,10.065956115722656,89700653,0.0,0.0
2003-08-07 00:00:00-04:00,10.068933454915467,10.232599098348702,10.029255927275782,10.063973426818848,62073475,0.0,0.0
2003-08-08 00:00:00-04:00,10.132414670203591,10.177051321562132,9.893363281193151,9.968749046325684,72188582,0.0,0.0
2003-08-11 00:00:00-04:00,9.94791946895398,10.117536788034803,9.919154542290755,10.10365104675293,55223942,0.0,0.0
2003-08-12 00:00:00-04:00,10.113569766086965,10.265332968674402,9.99850825609884,10.259381294250488,53599709,0.0,0.0
2003-08-13 00:00:00-04:00,10.287153611764916,10.300049504504075,10.036199754831497,10.047110557556152,56654294,0.0,0.0
2003-08-14 00:00:00-04:00,10.0481024701988,10.199865649007654,10.045125734408769,10.186969757080078,38876112,0.0,0.0
2003-08-15 00:00:00-04:00,10.176060316932505,10.28417940301491,10.123488692463283,10.223671913146973,22797245,0.0,0.0
2003-08-18 00:00:00-04:00,10.294097931879552,10.738475799560547,10.286162066965435,10.738475799560547,70428442,0.0,0.0
2003-08-19 00:00:00-04:00,10.701773697392682,11.044976662469347,10.68788705930053,10.933881759643555,90935222,0.0,0.0
2003-08-20 00:00:00-04:00,10.839649917580665,11.035058103464257,10.833699143108205,10.94677734375,55502410,0.0,0.0
2003-08-21 00:00:00-04:00,11.029110227453105,11.199720132108641,10.966619432098792,11.168970108032227,69245194,0.0,0.0
2003-08-22 00:00:00-04:00,11.242368315947697,11.324698304687454,11.001332720631227,11.00827693939209,61745587,0.0,0.0
2003-08-25 00:00:00-04:00,10.996372867455445,11.062831122401834,10.946777087716026,11.058863639831543,39236314,0.0,0.0
2003-08-26 00:00:00-04:00,11.033075989525019,11.154089178273036,10.938843538555236,11.125324249267578,49056797,0.0,0.0
2003-08-27 00:00:00-04:00,11.113421539910293,11.150122333924404,11.010261579390104,11.059857368469238,34747574,0.0,0.0
2003-08-28 00:00:00-04:00,11.07374327201083,11.089614103267937,10.753355305039817,10.863457679748535,67151462,0.0,0.0
2003-08-29 00:00:00-04:00,10.88924684461573,11.079694108164373,10.782120315059892,10.992405891418457,43582968,0.0,2.0
2003-09-02 00:00:00-04:00,11.182852575029665,11.192771730122773,10.84163292059132,10.861472129821777,52885958,0.0,0.0
2003-09-03 00:00:00-04:00,10.950745504589646,10.98050207348479,10.399240252302722,10.413125991821289,75516883,0.0,0.0
2003-09-04 00:00:00-04:00,10.381387577166992,10.67697903156349,10.08182863929121,10.63730239868164,78423206,0.0,0.0
2003-09-05 00:00:00-04:00,10.494466718659467,10.72062316686782,10.41511345275555,10.484546661376953,43503134,0.0,0.0
2003-09-08 00:00:00-04:00,10.516288088956507,10.692849641016862,10.315921636518054,10.379404067993164,44709667,0.0,0.0
2003-09-09 00:00:00-04:00,10.290131337293417,10.355597058981255,10.02429827013126,10.091747283935547,61514640,0.0,0.0
2003-09-10 00:00:00-04:00,10.04810381946217,10.405193488363887,10.004459706405296,10.198874473571777,60548083,0.0,0.0
2003-09-11 00:00:00-04:00,10.315920773483011,10.41511234531586,10.216728302605732,10.2564058303833,36801864,0.0,0.0
2003-09-12 00:00:00-04:00,10.270292427538957,10.44486978832338,10.117537573994277,10.438918113708496,34917221,0.0,0.0
2003-09-15 00:00:00-04:00,10.593658670910731,10.74839682559034,10.514305402236241,10.688881874084473,49102416,0.0,0.0
2003-09-16 00:00:00-04:00,10.710703406509236,10.930908167586702,10.653171752536421,10.891231536865234,37789330,0.0,0.0
2003-09-17 00:00:00-04:00,10.869406539199892,11.018192958954067,10.772199183869303,10.903131484985352,32865307,0.0,0.0
2003-09-18 00:00:00-04:00,10.879328323003955,11.051921474711973,10.782120944181166,11.030099868774414,38446056,0.0,0.0
2003-09-19 00:00:00-04:00,11.089614132006307,11.307835589984885,10.861474415891315,10.89321517944336,42082286,0.0,0.0
2003-09-22 00:00:00-04:00,10.742441571661665,10.776166519803553,10.619445125047367,10.734506607055664,42626390,0.0,0.0
2003-09-23 00:00:00-04:00,10.817830427626758,11.020181073434504,10.73450967924057,10.982488632202148,38613326,0.0,0.0
2003-09-24 00:00:00-04:00,11.061839505329813,11.357429993728855,10.84956884825681,10.871392250061035,64748376,0.0,0.0
2003-09-25 00:00:00-04:00,10.919005216149612,11.256256561787897,10.815846160822082,11.002325057983398,50540371,0.0,0.0
2003-09-26 00:00:00-04:00,10.960665294931617,11.06580763516751,10.730540503263278,10.756330490112305,36384638,0.0,0.0
2003-09-29 00:00:00-04:00,10.901148055045542,11.063822021806345,10.78211909074615,11.040017127990723,31540925,0.0,0.0
2003-09-30 00:00:00-04:00,10.99637419639549,11.0102608365919,10.573817922139773,10.641268730163574,43697966,0.0,0.0
2003-10-01 00:00:00-04:00,10.619445847408114,10.861473072885506,10.405191898985187,10.851553916931152,65174630,0.0,0.0
2003-10-02 00:00:00-04:00,10.803942401424122,10.984470516616753,10.774184930882484,10.930907249450684,32443330,0.0,0.0
2003-10-03 00:00:00-04:00,11.12532333107889,11.52605710330004,11.07969502801906,11.377269744873047,61620134,0.0,0.0
2003-10-06 00:00:00-04:00,11.476460006291049,11.49034574488374,11.282044382240963,11.434799194335938,25310102,0.0,0.0
2003-10-07 00:00:00-04:00,11.311802734055885,11.448686739431622,11.208644581319863,11.385204315185547,35322091,0.0,0.0
2003-10-08 00:00:00-04:00,11.436783755315473,11.764115917153518,11.363382177621268,11.599457740783691,55203509,0.0,0.0
2003-10-09 00:00:00-04:00,11.885129645710995,12.220397687898824,11.821647221446751,11.952580451965332,66547008,0.0,0.0
2003-10-10 00:00:00-04:00,11.962500051648284,12.002175781618199,11.821647659029574,11.994241714477539,26857354,0.0,0.0
2003-10-13 00:00:00-04:00,11.619296911445723,11.754196719034612,11.363382137308163,11.702617645263672,71784662,0.0,0.0
2003-10-14 00:00:00-04:00,11.629215570080609,11.783953683814747,11.60540887654214,11.611360549926758,35658533,0.0,0.0
2003-10-15 00:00:00-04:00,11.754195805588155,11.75617999632853,11.39115453033237,11.426863670349121,37125475,0.0,0.0
2003-10-16 00:00:00-04:00,11.395125801605005,11.565736593543278,11.369336707671067,11.407029151916504,66577421,0.0,0.0
2003-10-17 00:00:00-04:00,10.794023598327794,10.924956832619815,10.653171206863481,10.883296012878418,161624549,0.0,0.0
2003-10-20 00:00:00-04:00,10.86544183939615,11.278078989809336,10.853539389286187,11.228483200073242,58995130,0.0,0.0
2003-10-21 00:00:00-04:00,11.170949813254227,11.30188303748299,11.107467392039574,11.194756507873535,43840051,0.0,0.0
2003-10-22 00:00:00-04:00,10.970583221434778,11.055888145033396,10.911068283907044,11.026130676269531,35421883,0.0,0.0
2003-10-23 00:00:00-04:00,10.891232593969807,10.978521729456018,10.671026912474671,10.768235206604004,46667016,0.0,0.0
2003-10-24 00:00:00-04:00,10.70475233326402,10.901151306747137,10.573819084912257,10.899168014526367,37189627,0.0,0.0
2003-10-27 00:00:00-05:00,11.079696511445757,11.139211462784829,10.956699125153918,11.083664894104004,32495602,0.0,0.0
2003-10-28 00:00:00-05:00,11.174917426531554,11.412976264953613,11.079693351736152,11.412976264953613,48272242,0.0,0.0
2003-10-29 00:00:00-05:00,11.355449064709333,11.482413927972992,11.184839186844568,11.347513198852539,44015875,0.0,0.0
2003-10-30 00:00:00-05:00,11.54391037787401,11.59747454220472,11.258239030317265,11.29394817352295,46719763,0.0,0.0
2003-10-31 00:00:00-05:00,11.321723192908175,11.403060648324944,11.089615074949295,11.095566749572754,28096675,0.0,0.0
2003-11-03 00:00:00-05:00,11.061841324641984,11.428849256986036,11.018196311943992,11.409011840820312,38731651,0.0,0.0
2003-11-04 00:00:00-05:00,11.351480729320905,11.619297976235535,11.30783571799556,11.456623077392578,32860080,0.0,0.0
2003-11-05 00:00:00-05:00,11.37925583593618,11.450674139523656,11.248322579040664,11.367352485656738,28616544,0.0,0.0
2003-11-06 00:00:00-05:00,11.333625209863227,11.381236803165047,11.012244707464934,11.093582153320312,35755949,0.0,0.0
2003-11-07 00:00:00-05:00,11.220545471971116,11.29989871602013,11.125321399303443,11.13524055480957,29916216,0.0,0.0
2003-11-10 00:00:00-05:00,11.168968748942037,11.21062957379032,10.823781497605738,10.855524063110352,27329702,0.0,0.0
2003-11-11 00:00:00-05:00,10.839650660099249,10.970583890260391,10.714670002906994,10.738475799560547,37053245,0.0,0.0
2003-11-12 00:00:00-05:00,10.772201371898465,11.012244422223741,10.732523846448816,11.00827693939209,38709792,0.0,0.0
2003-11-13 00:00:00-05:00,11.032084368705405,11.218565079844927,10.96066697002933,11.155081748962402,33245942,0.0,0.0
2003-11-14 00:00:00-05:00,11.089614802787848,11.15309723277625,10.76426678719448,10.78807258605957,37233346,0.0,0.0
2003-11-17 00:00:00-05:00,10.706733004836217,10.87139207012782,10.415110902888776,10.569849014282227,46337227,0.0,0.0
2003-11-18 00:00:00-05:00,10.680944749865882,10.712686413215197,10.137376182125578,10.139359474182129,54416578,0.0,0.0
2003-11-19 00:00:00-05:00,10.19887403206822,10.603576178730842,10.04413500243382,10.522238731384277,63397382,0.0,0.0
2003-11-20 00:00:00-05:00,10.349645038564976,10.55596405158056,10.256406038007936,10.321871757507324,45392054,0.0,0.0
2003-11-21 00:00:00-05:00,10.427012834194864,10.43494869787618,10.067939951093546,10.286160469055176,49243075,0.0,0.0
2003-11-24 00:00:00-05:00,10.401225847347227,10.86742628163549,10.341710898289152,10.819814682006836,51632381,0.0,0.0
2003-11-25 00:00:00-05:00,10.845604939653091,11.091598809810536,10.821798240209091,10.96463394165039,44902123,0.0,0.0
2003-11-26 00:00:00-05:00,10.938842365861923,11.147145561564662,10.831715830055405,11.030099868774414,31473922,0.0,0.0
2003-11-28 00:00:00-05:00,11.038033589504103,11.11738684288512,11.018195276158849,11.087630271911621,10337976,0.0,0.0
2003-12-01 00:00:00-05:00,11.168967902715499,11.325691132801609,11.089614641622118,11.28601360321045,39282883,0.0,0.0
2003-12-02 00:00:00-05:00,11.216577365571434,11.315769822109244,11.182853314876798,11.20070743560791,28548115,0.0,0.0
2003-12-03 00:00:00-05:00,11.190791137921028,11.254273571121058,10.93487721384657,10.958683013916016,31229194,0.0,0.0
2003-12-04 00:00:00-05:00,10.932891939314997,11.135242568422685,10.843619523616507,11.091597557067871,26844523,0.0,0.0
2003-12-05 00:00:00-05:00,11.026133386016427,11.234435718555202,10.936860957785525,11.089615821838379,28427414,0.0,0.0
2003-12-08 00:00:00-05:00,11.034067171800231,11.18880621063958,10.857506525601218,11.053905487060547,27788746,0.0,0.0
2003-12-09 00:00:00-05:00,11.034067218644328,11.178887100468339,10.863458246108,10.881312370300293,32238043,0.0,0.0
2003-12-10 00:00:00-05:00,10.960664726092984,11.059855387439844,10.817828159894217,10.990421295166016,35673264,0.0,0.0
2003-12-11 00:00:00-05:00,10.97851978200289,11.420913459775338,10.928923098540555,11.385204315185547,42327490,0.0,0.0
2003-12-12 00:00:00-05:00,11.369335040300754,11.480429064389037,11.232450127971727,11.442736625671387,34021944,0.0,0.0
2003-12-15 00:00:00-05:00,11.621278100361819,11.704598819102426,11.309816826069161,11.361396789550781,41537232,0.0,0.0
2003-12-16 00:00:00-05:00,11.307837231318317,11.496301245109926,11.214597320093485,11.424883842468262,35160048,0.0,0.0
2003-12-17 00:00:00-05:00,11.36933436403786,11.43480097916688,11.260222739459893,11.365365982055664,23038171,0.0,0.0
2003-12-18 00:00:00-05:00,11.407025862897823,11.902983665466309,11.397106706846454,11.902983665466309,55169770,0.0,0.0
2003-12-19 00:00:00-05:00,11.920839738916602,12.200560344990446,11.821648162159136,12.17477035522461,58887734,0.0,0.0
2003-12-22 00:00:00-05:00,12.164850297008163,12.486230802102272,12.117237804262556,12.43663501739502,50923382,0.0,0.0
2003-12-23 00:00:00-05:00,12.476313684560282,12.730243406235466,12.329509608982045,12.644938468933105,42261912,0.0,0.0
2003-12-24 00:00:00-05:00,12.589389362794776,12.789756684804312,12.581454397169285,12.700484275817871,15197371,0.0,0.0
2003-12-26 00:00:00-05:00,12.71040447446955,12.855224351840997,12.527891259675702,12.57748794555664,15274354,0.0,0.0
2003-12-29 00:00:00-05:00,12.577486597493646,12.750079737377106,12.472343360860712,12.72825813293457,27391478,0.0,0.0
2003-12-30 00:00:00-05:00,12.629068229414354,12.78578966095191,12.599309857547139,12.75206470489502,19303574,0.0,0.0
2003-12-31 00:00:00-05:00,12.783807580115369,12.829435889242399,12.6290694260113,12.817532539367676,25583818,0.0,0.0
2004-01-02 00:00:00-05:00,12.767933203889474,12.894898038449435,12.416795268550677,12.498132705688477,43278840,0.0,0.0
2004-01-05 00:00:00-05:00,12.559633879510107,12.884981906320803,12.490199772650366,12.8195161819458,62676504,0.0,0.0
2004-01-06 00:00:00-05:00,12.8472853635615,13.021862670598034,12.763964641738948,12.92663860321045,40537411,0.0,0.0
2004-01-07 00:00:00-05:00,12.910770292448992,12.964333559845441,12.742144625321107,12.934576988220215,30769675,0.0,0.0
2004-01-08 00:00:00-05:00,12.970286186274006,13.095266844365874,12.742144677822456,12.781822204589844,38499278,0.0,0.0
2004-01-09 00:00:00-05:00,12.779838576040639,12.793725216545967,12.563600406006866,12.57748794555664,32803531,0.0,0.0
2004-01-12 00:00:00-05:00,12.61121297432071,12.726275380261082,12.452506455518666,12.716355323791504,30862339,0.0,0.0
2004-01-13 00:00:00-05:00,12.690564299042267,13.059556359577424,12.672710178016683,13.011944770812988,42584573,0.0,0.0
2004-01-14 00:00:00-05:00,12.96433275865318,13.17263593951189,12.954413602376306,13.08336353302002,30684614,0.0,0.0
2004-01-15 00:00:00-05:00,12.978221568407346,13.37498695931687,12.867126647602463,13.218265533447266,44629834,0.0,0.0
2004-01-16 00:00:00-05:00,13.301585376753218,13.345230387887865,13.095267265575252,13.277779579162598,33366643,0.0,0.0
2004-01-20 00:00:00-05:00,13.263893526508697,13.279764358620449,13.00996290985408,13.033769607543945,29017138,0.0,0.0
2004-01-21 00:00:00-05:00,13.005993451024537,13.021864280725568,12.746112098466952,12.771902084350586,52552368,0.0,0.0
2004-01-22 00:00:00-05:00,13.325390265838509,13.823331352807333,13.22818289759418,13.751913070678711,86463115,0.0,0.0
2004-01-23 00:00:00-05:00,13.736045252517899,13.791592713931754,13.535677912825067,13.757866859436035,39089952,0.0,0.0
2004-01-26 00:00:00-05:00,13.31745666821779,13.628918015785654,13.31150409521081,13.601143836975098,65890757,0.0,0.0
2004-01-27 00:00:00-05:00,13.589239872311934,13.686448145170546,13.390856742858887,13.390856742858887,32817787,0.0,0.0
2004-01-28 00:00:00-05:00,13.41268079748767,13.480130709682504,13.093284461566348,13.216280937194824,33952565,0.0,0.0
2004-01-29 00:00:00-05:00,13.253973263200304,13.38887397633035,12.920689412833251,13.309520721435547,42588374,0.0,0.0
2004-01-30 00:00:00-05:00,13.242070433254447,13.460292791794377,13.085348108325457,13.277779579162598,37087459,0.0,0.0
2004-02-02 00:00:00-05:00,13.232151642870582,13.327375734917624,12.996076053397953,13.017898559570312,29671963,0.0,0.0
2004-02-03 00:00:00-05:00,12.994091701244587,13.085347403601377,12.815546880363977,12.90878677368164,28358510,0.0,0.0
2004-02-04 00:00:00-05:00,12.86315889824002,13.212313585789657,12.815547304048895,12.990123748779297,33177038,0.0,0.0
2004-02-05 00:00:00-05:00,12.994092455506665,13.398793713376467,12.974253241879502,13.337294578552246,33235488,0.0,0.0
2004-02-06 00:00:00-05:00,13.311503942439638,13.46029219361885,13.2103290824146,13.442437171936035,23238230,0.0,0.0
2004-02-09 00:00:00-05:00,13.414664655269847,13.52377538637294,13.315473081539764,13.396810531616211,19883318,0.0,0.0
2004-02-10 00:00:00-05:00,13.390857875986999,13.46425946028696,13.259925538895173,13.36705207824707,16057958,0.0,0.0
2004-02-11 00:00:00-05:00,13.353163896012248,13.730091830346979,13.35118060420551,13.714221000671387,31525243,0.0,0.0
2004-02-12 00:00:00-05:00,13.644788072195364,13.876896166499625,13.6249497581686,13.730093002319336,27418090,0.0,0.0
2004-02-13 00:00:00-05:00,13.708268951426076,13.866974536290398,13.497982500629515,13.609076499938965,25785778,0.0,0.0
2004-02-17 00:00:00-05:00,13.680495917499567,13.787622443448482,13.638836001428023,13.728108406066895,18511891,0.0,0.0
2004-02-18 00:00:00-05:00,13.65867594329027,13.698352574919936,13.511872765878302,13.593210220336914,19522642,0.0,0.0
2004-02-19 00:00:00-05:00,13.728110375382352,13.886816895284783,13.553532124636332,13.575355529785156,22812451,0.0,0.0
2004-02-20 00:00:00-05:00,13.682481766866765,13.817382485593157,13.525758542521237,13.741995811462402,29791238,0.0,0.0
2004-02-23 00:00:00-05:00,13.690416852421993,13.767785920210828,13.363084659547864,13.43648624420166,32226638,0.0,0.0
2004-02-24 00:00:00-05:00,13.410692723043297,13.682478282352955,13.323404520885296,13.32935619354248,33664118,0.0,0.0
2004-02-25 00:00:00-05:00,13.412679185793282,13.424582533124143,13.134942805820552,13.331341743469238,32195750,0.0,0.0
2004-02-26 00:00:00-05:00,13.398794890903698,13.617015471447122,13.325393300305748,13.595193862915039,27617198,0.0,0.0
2004-02-27 00:00:00-05:00,13.53170941911594,13.664625938935599,13.480129444716964,13.628917694091797,24496560,0.0,0.0
2004-03-01 00:00:00-05:00,13.591224608349325,13.755882792208437,13.555515463806659,13.734060287475586,20381328,0.0,0.0
2004-03-02 00:00:00-05:00,13.704304298612318,13.787625045524479,13.470212890393507,13.480131149291992,20407464,0.0,0.0
2004-03-03 00:00:00-05:00,13.430533037685956,13.474177145280924,13.2936490413553,13.408711433410645,22445597,0.0,0.0
2004-03-04 00:00:00-05:00,13.408712587222158,13.523774989178554,13.35514931878996,13.464259147644043,15124666,0.0,0.0
2004-03-05 00:00:00-05:00,13.333326714573465,13.845154462439956,13.305551638352782,13.749930381774902,38604298,0.0,0.0
2004-03-08 00:00:00-05:00,13.72811057294301,14.291518367086832,13.660659761587121,13.8530912399292,68167915,0.0,0.0
2004-03-09 00:00:00-05:00,13.797544176356443,14.027668085759968,13.728110075416298,13.904670715332031,40797821,0.0,0.0
2004-03-10 00:00:00-05:00,13.866977276915867,13.894750557471188,13.573370043848549,13.583290100097656,42957605,0.0,0.0
2004-03-11 00:00:00-05:00,13.49004890538022,13.64677212401974,13.351181607653718,13.378954887390137,44097134,0.0,0.0
2004-03-12 00:00:00-05:00,13.402759676845765,13.718189382373538,13.392840520679062,13.714221000671387,29316038,0.0,0.0
2004-03-15 00:00:00-05:00,13.747947266120876,13.779688928506538,13.416647598289893,13.454340934753418,29832581,0.0,0.0
2004-03-16 00:00:00-05:00,13.56543485795354,13.589239754428167,13.341260844763022,13.474177360534668,30367656,0.0,0.0
2004-03-17 00:00:00-05:00,13.513854537291204,13.809445030386087,13.424582132109542,13.807461738586426,27773064,0.0,0.0
2004-03-18 00:00:00-05:00,13.71422239709798,13.769768958051982,13.591225027915733,13.75588321685791,24769325,0.0,0.0
2004-03-19 00:00:00-05:00,13.636851620488027,13.803493080539747,13.535675870356709,13.54956340789795,32799254,0.0,0.0
2004-03-22 00:00:00-05:00,13.44838683034681,13.490047645103777,12.910769115357493,13.101217269897461,48366806,0.0,0.0
2004-03-23 00:00:00-05:00,13.178587186360893,13.206360465313793,12.853239208436733,13.002026557922363,44005421,0.0,0.0
2004-03-24 00:00:00-05:00,13.00797931338824,13.216280720945033,12.916722705164199,13.14089584350586,38170915,0.0,0.0
2004-03-25 00:00:00-05:00,13.251988777345607,13.44045365257171,13.111137292468,13.416646957397461,33884136,0.0,0.0
2004-03-26 00:00:00-05:00,13.361100991556397,13.440454248202183,13.251989364624023,13.251989364624023,25223616,0.0,0.0
2004-03-29 00:00:00-05:00,13.388874970947164,13.587258122921423,13.371020846887266,13.57138729095459,30379061,0.0,0.0
2004-03-30 00:00:00-05:00,13.511871615823305,13.863009596050054,13.47219498757069,13.859041213989258,29843986,0.0,0.0
2004-03-31 00:00:00-05:00,13.886816087509603,13.91260517625807,13.7241411948366,13.743980407714844,29044224,0.0,0.0
2004-04-01 00:00:00-05:00,13.70232085582896,14.333179473876951,13.700336664644375,14.333179473876953,66109824,0.0,0.0
2004-04-02 00:00:00-05:00,14.535526382274321,14.70018455003955,14.434351531510853,14.63471794128418,40343530,0.0,0.0
2004-04-05 00:00:00-04:00,14.634720262776144,14.757717635650463,14.543464553437852,14.706137657165527,19399565,0.0,0.0
2004-04-06 00:00:00-04:00,14.595043481483717,14.75771748256843,14.541480211486178,14.700186729431152,24369206,0.0,0.0
2004-04-07 00:00:00-04:00,14.722008299294137,14.829135738064952,14.595043444874406,14.660510063171387,29178230,0.0,0.0
2004-04-08 00:00:00-04:00,14.991809766021303,15.120758811762789,14.850958270868809,15.06521224975586,36501538,0.0,0.0
2004-04-12 00:00:00-04:00,15.07512995494788,15.182255585505429,14.94618002258357,15.116790771484375,25013578,0.0,0.0
2004-04-13 00:00:00-04:00,15.196144835091072,15.2120147669587,14.69423441510058,14.815248489379883,33206026,0.0,0.0
2004-04-14 00:00:00-04:00,14.680348046127682,15.035453511496616,14.640671417637547,14.890634536743164,27433296,0.0,0.0
2004-04-15 00:00:00-04:00,14.966018513666805,15.075130134512321,14.848972826261505,14.950148582458496,27624326,0.0,0.0
2004-04-16 00:00:00-04:00,15.023550059410034,15.025533351275485,14.76366780053152,14.850956916809082,28628424,0.0,0.0
2004-04-19 00:00:00-04:00,14.888650122719026,15.106871576146544,14.801361900965784,15.07711410522461,27742651,0.0,0.0
2004-04-20 00:00:00-04:00,15.120758589751684,15.251691824661462,14.666461548735077,14.674396514892578,35006558,0.0,0.0
2004-04-21 00:00:00-04:00,14.795411197903277,14.850959562831541,14.555368108220883,14.835088729858398,53064634,0.0,0.0
2004-04-22 00:00:00-04:00,15.412381163932372,16.49555345896648,15.079097311687692,16.384458541870117,124351762,0.0,0.0
2004-04-23 00:00:00-04:00,16.190045648572493,16.445958667836766,16.106724001639858,16.295188903808594,49155163,0.0,0.0
2004-04-26 00:00:00-04:00,15.886514890926035,16.360649257927765,15.850804852817912,16.1840877532959,46547266,0.0,0.0
2004-04-27 00:00:00-04:00,16.12854624581752,16.812969077928393,16.106724636653727,16.65426254272461,73330963,0.0,0.0
2004-04-28 00:00:00-04:00,16.60267821326111,16.793126365271906,16.451906684665538,16.523324966430664,45566928,0.0,0.0
2004-04-29 00:00:00-04:00,16.515389455737317,16.723692643508425,16.1166416976901,16.27336311340332,49812365,0.0,0.0
2004-04-30 00:00:00-04:00,16.237657387528575,16.386443860653436,15.827004420150004,15.876599311828613,49733006,0.0,0.0
2004-05-03 00:00:00-04:00,15.769467361294314,16.295183461907932,15.739710796098745,16.237651824951172,41881752,0.0,0.0
2004-05-04 00:00:00-04:00,16.213852080093552,16.535233550793492,16.114660490135446,16.412235260009766,44377978,0.0,0.0
2004-05-05 00:00:00-04:00,16.424134417648556,16.555067642586295,16.309071123817148,16.440004348754883,26919605,0.0,0.0
2004-05-06 00:00:00-04:00,16.285267771730222,16.39437760413435,15.876598127050501,16.063077926635742,41381366,0.0,0.0
2004-05-07 00:00:00-04:00,15.959920572390624,16.253526927114848,15.821052361733953,15.834939002990723,33359990,0.0,0.0
2004-05-10 00:00:00-04:00,15.553232222012845,15.729793749685498,15.245739265123134,15.38063907623291,63853574,0.0,0.0
2004-05-11 00:00:00-04:00,15.557201600182111,15.87064625093938,15.557201600182111,15.844856262207031,37776499,0.0,0.0
2004-05-12 00:00:00-04:00,15.793274941273557,16.045221306215794,15.380637001725756,16.02538299560547,48064579,0.0,0.0
2004-05-13 00:00:00-04:00,15.779392831390846,15.942067762845886,15.69012129690046,15.75757122039795,43936517,0.0,0.0
2004-05-14 00:00:00-04:00,15.761533626737474,15.880563492982601,15.483797272165512,15.662342071533203,39345134,0.0,0.0
2004-05-17 00:00:00-04:00,15.438170282890239,15.598860076487474,15.384607018357826,15.541328430175781,30280694,0.0,0.0
2004-05-18 00:00:00-04:00,15.707972507164508,15.789309054088672,15.62861925218811,15.68813419342041,24932318,0.0,0.0
2004-05-19 00:00:00-04:00,15.898420238110953,16.067046818378245,15.69011882505666,15.729795455932617,39829838,0.0,0.0
2004-05-20 00:00:00-04:00,15.759554110919307,15.96190385316422,15.705990838084537,15.884533882141113,33011669,0.0,0.0
2004-05-21 00:00:00-04:00,15.969833996311499,15.985705723006133,15.825014154948354,15.938094139099121,30263112,0.0,0.0
2004-05-24 00:00:00-04:00,16.00951071614734,16.463808552882984,15.979754150302325,16.289230346679688,50446282,0.0,0.0
2004-05-25 00:00:00-04:00,16.32692885283526,16.977624905537628,16.257495645118095,16.928030014038086,53961336,0.0,0.0
2004-05-26 00:00:00-04:00,16.854623779310916,17.207744991441402,16.840737141594143,17.15021514892578,45431021,0.0,0.0
2004-05-27 00:00:00-04:00,17.257343797558345,17.513256779172035,17.104587167640965,17.467628479003906,48182904,0.0,0.0
2004-05-28 00:00:00-04:00,17.493418668653774,17.812816773531278,17.358518856568512,17.616416931152344,41124283,0.0,0.0
2004-06-01 00:00:00-04:00,17.41207970095792,17.808845914357313,17.30495318295779,17.80091094970703,49381358,0.0,0.0
2004-06-02 00:00:00-04:00,17.852493420332234,17.89415333915414,17.60253031122324,17.636255264282227,39168835,0.0,0.0
2004-06-03 00:00:00-04:00,17.525160091357467,17.636255004669298,17.35455203665541,17.37835693359375,38488824,0.0,0.0
2004-06-04 00:00:00-04:00,17.546983007713912,17.673949659895094,17.31685999633551,17.473583221435547,40861973,0.0,0.0
2004-06-07 00:00:00-04:00,17.592612485070436,17.652127432968182,17.41803602380599,17.548969268798828,37065125,0.0,0.0
2004-06-08 00:00:00-04:00,17.459693754594895,17.662045271263125,17.43390376727008,17.65609359741211,28091448,0.0,0.0
2004-06-09 00:00:00-04:00,17.48945205153538,17.638238502929266,17.08276572795972,17.12244415283203,40629600,0.0,0.0
2004-06-10 00:00:00-04:00,17.191880892307417,17.364474074562345,17.049044287225822,17.33868408203125,31364150,0.0,0.0
2004-06-14 00:00:00-04:00,17.19981592908758,17.243460946952286,16.866532913337817,16.983577728271484,34399728,0.0,0.0
2004-06-15 00:00:00-04:00,17.140299084503454,17.43192214061808,17.132364117973665,17.348602294921875,34555594,0.0,0.0
2004-06-16 00:00:00-04:00,17.34463278292867,17.46961434142168,17.271231200653222,17.431921005249023,18897278,0.0,0.0
2004-06-17 00:00:00-04:00,17.455732484407765,17.47755409644497,17.124432728354147,17.22957420349121,27794448,0.0,0.0
2004-06-18 00:00:00-04:00,17.22361667529397,17.354549885536116,17.13236008645317,17.160133361816406,33028301,0.0,0.0
2004-06-21 00:00:00-04:00,17.19386043253684,17.306938637679725,16.989527425377574,17.023250579833984,30203237,0.0,0.0
2004-06-22 00:00:00-04:00,16.896287977914575,17.30099105834961,16.71377655156859,17.30099105834961,50254776,0.0,0.0
2004-06-23 00:00:00-04:00,17.289085708403373,17.52913058521912,17.217669210895004,17.52714729309082,39378874,0.0,0.0
2004-06-24 00:00:00-04:00,17.550951804692584,17.71362670783897,17.507308590301573,17.604515075683594,30847133,0.0,0.0
2004-06-25 00:00:00-04:00,17.618401276052985,18.15601906269785,17.604514635631244,17.997312545776367,64453752,0.0,0.0
2004-06-28 00:00:00-04:00,18.13022911156913,18.673800371626015,18.05682752714928,18.41193389892578,62821440,0.0,0.0
2004-06-29 00:00:00-04:00,18.298854045442443,18.407963867231015,18.102454208516555,18.215534210205078,39691080,0.0,0.0
2004-06-30 00:00:00-04:00,18.31670822806243,18.427803134715912,18.0607934642142,18.241321563720703,40303613,0.0,0.0
2004-07-01 00:00:00-04:00,18.25521148619344,18.286953150674197,17.874316906691217,17.971525192260742,31203058,0.0,0.0
2004-07-02 00:00:00-04:00,17.908043070249676,18.124281263629157,17.741401568105736,18.106426239013672,25156138,0.0,0.0
2004-07-06 00:00:00-04:00,18.07071851468986,18.086588449418006,17.697757067687107,17.822738647460938,27390053,0.0,0.0
2004-07-07 00:00:00-04:00,17.398197784348906,17.529131029917522,17.11054310062268,17.233539581298828,49151362,0.0,0.0
2004-07-08 00:00:00-04:00,16.46182530968392,16.850656587468,16.289232173776092,16.594741821289062,72285523,0.0,0.0
2004-07-09 00:00:00-04:00,16.808997867393963,16.85462616839753,16.390409990643253,16.620532989501953,42353150,0.0,0.0
2004-07-12 00:00:00-04:00,16.55506899057778,16.747500461832114,16.350734170980108,16.69393539428711,34500946,0.0,0.0
2004-07-13 00:00:00-04:00,16.771304452841026,16.80304611400924,16.505471411973662,16.541179656982422,23211619,0.0,0.0
2004-07-14 00:00:00-04:00,16.46182802301821,16.91612598559062,16.430088156815433,16.61855125427246,35753098,0.0,0.0
2004-07-15 00:00:00-04:00,16.67211219910388,16.73162713706076,16.430085863599114,16.557050704956055,25124299,0.0,0.0
2004-07-16 00:00:00-04:00,16.701870901193203,16.721709214242296,15.878580010611405,15.942063331604004,63328003,0.0,0.0
2004-07-19 00:00:00-04:00,15.92817589774054,15.942062536373331,15.319139897322474,15.57306957244873,70912670,0.0,0.0
2004-07-20 00:00:00-04:00,15.59886366385436,15.965873432603596,15.571090379278315,15.860730171203613,49114771,0.0,0.0
2004-07-21 00:00:00-04:00,15.967854220210544,15.967854220210544,15.196145057678223,15.196145057678223,73655050,0.0,0.0
2004-07-22 00:00:00-04:00,14.277631519961124,15.356836462621954,14.174472455343237,15.35286808013916,150320016,0.0,0.0
2004-07-23 00:00:00-04:00,15.291369274973869,15.311207590477744,14.77954055516498,14.880716323852539,50645390,0.0,0.0
2004-07-26 00:00:00-04:00,14.839054761013639,14.926342985256076,14.53751166117009,14.733911514282227,49983912,0.0,0.0
2004-07-27 00:00:00-04:00,14.852942670863495,15.646474420190557,14.811281847206182,15.56513786315918,71611214,0.0,0.0
2004-07-28 00:00:00-04:00,15.491736528204779,15.745666260631314,15.277483428850456,15.63060474395752,55680134,0.0,0.0
2004-07-29 00:00:00-04:00,15.846840428877087,15.938097030136971,15.565135659354999,15.765503883361816,40888584,0.0,0.0
2004-07-30 00:00:00-04:00,15.715907270748385,15.745663841937104,15.458009195394775,15.539345741271973,30455093,0.0,0.0
2004-08-02 00:00:00-04:00,15.362787024730572,15.713926856055059,15.362787024730572,15.70202350616455,27634781,0.0,0.0
2004-08-03 00:00:00-04:00,15.610764808171808,15.793278020608152,15.204080260410116,15.29136848449707,32716570,0.0,0.0
2004-08-04 00:00:00-04:00,15.170353844095787,15.44015345653776,14.954115697687495,15.037435531616211,53963712,0.0,0.0
2004-08-05 00:00:00-04:00,15.116792803962012,15.152501052600774,14.620834017773834,14.638689041137695,49752014,0.0,0.0
2004-08-06 00:00:00-04:00,14.485932098615404,14.99775984495747,14.396659691828622,14.632735252380371,66884400,0.0,0.0
2004-08-09 00:00:00-04:00,14.698202178091956,14.799377940419879,14.446255766838302,14.476014137268066,34363613,0.0,0.0
2004-08-10 00:00:00-04:00,14.555365829570816,15.039421214727689,14.555365829570816,15.025533676147461,48458995,0.0,0.0
2004-08-11 00:00:00-04:00,14.813262753666638,15.229866402637109,14.729942023872544,15.152498245239258,51350112,0.0,0.0
2004-08-12 00:00:00-04:00,15.035451166372692,15.509587342304028,15.03346787468418,15.376670837402344,59319216,0.0,0.0
2004-08-13 00:00:00-04:00,15.450075200918477,15.45602687514814,15.11083876027208,15.346915245056152,39766637,0.0,0.0
2004-08-16 00:00:00-04:00,15.396510694751653,15.729793636320146,15.386590639135733,15.616715431213379,34360286,0.0,0.0
2004-08-17 00:00:00-04:00,15.668295627856041,15.858743796356277,15.620682237164404,15.7853422164917,41438866,0.0,0.0
2004-08-18 00:00:00-04:00,15.616717093327312,15.870646809349598,15.537363832309229,15.852791786193848,45734674,0.0,0.0
2004-08-19 00:00:00-04:00,15.823035078708019,16.01745164541355,15.61671696142145,15.807165145874023,43595323,0.0,0.0
2004-08-20 00:00:00-04:00,15.743681669114157,16.25154289014365,15.702021747253148,16.142431259155273,44361821,0.0,0.0
2004-08-23 00:00:00-04:00,16.235670535280633,16.467778630866704,16.19202732303403,16.33684539794922,39132245,0.0,0.0
2004-08-24 00:00:00-04:00,16.43603419628744,16.640367156791925,16.368582508509434,16.638383865356445,47385994,0.0,0.0
2004-08-25 00:00:00-04:00,16.622519622899947,17.060945853920874,16.45190975080028,16.99349594116211,47968589,0.0,0.0
2004-08-26 00:00:00-04:00,16.9716764077097,17.156171145241572,16.890339844036482,17.14228630065918,44607974,0.0,0.0
2004-08-27 00:00:00-04:00,17.14029729681972,17.233537189520224,16.97365582471858,17.0430908203125,30347222,0.0,0.0
2004-08-30 00:00:00-04:00,16.937947500814854,17.130377161026164,16.872479089333773,16.96373748779297,27393379,0.0,0.0
2004-08-31 00:00:00-04:00,16.91414015936586,17.174021513021106,16.902236812278726,17.16806983947754,34089422,0.0,0.0
2004-09-01 00:00:00-04:00,17.13038014390459,17.408116577165767,17.02920526835759,17.38431167602539,46646582,0.0,0.0
2004-09-02 00:00:00-04:00,17.41604883348389,17.828684993980904,17.374388918706714,17.76520347595215,49875091,0.0,0.0
2004-09-03 00:00:00-04:00,17.68585515046008,17.93581650675672,17.63824175108062,17.731483459472656,36937296,0.0,0.0
2004-09-07 00:00:00-04:00,17.767190449436505,17.943751998028407,17.513258930435402,17.675933837890625,48278419,0.0,0.0
2004-09-08 00:00:00-04:00,17.648160555617263,17.844558621756732,17.598563867481424,17.675933837890625,43343942,0.0,0.0
2004-09-09 00:00:00-04:00,17.701723970658062,17.715610611906634,17.20973266005427,17.439857482910156,46965917,0.0,0.0
2004-09-10 00:00:00-04:00,17.384311674572437,17.87431791626194,17.289086675751694,17.868366241455078,42623539,0.0,0.0
2004-09-13 00:00:00-04:00,17.917958781578143,18.29091832915429,17.894152087865347,18.271080017089844,60923966,0.0,0.0
2004-09-14 00:00:00-04:00,18.306789076028252,18.729345321655273,18.193710872026635,18.729345321655273,77802120,0.0,0.0
2004-09-15 00:00:00-04:00,18.644041935654396,18.806716834505913,18.479385542859692,18.657930374145508,49711147,0.0,0.0
2004-09-16 00:00:00-04:00,18.669832721271387,19.022954016761528,18.30084149266961,18.31671142578125,70472160,0.0,0.0
2004-09-17 00:00:00-04:00,18.21950213544279,18.479385311951447,18.023102284055835,18.469465255737305,62674603,0.0,0.0
2004-09-20 00:00:00-04:00,18.308767085587114,18.54484348099831,18.084595832217133,18.13022232055664,50098435,0.0,0.0
2004-09-21 00:00:00-04:00,18.13220954645141,18.156014439074134,17.864393266393133,17.983421325683594,47237256,0.0,0.0
2004-09-22 00:00:00-04:00,17.868362509536922,17.95961910673056,17.56681944005064,17.61244773864746,45156355,0.0,0.0
2004-09-23 00:00:00-04:00,17.652121661733073,17.93382637558332,17.586655060640492,17.874311447143555,42726658,0.0,0.0
2004-09-24 00:00:00-04:00,17.884234032920656,17.96953715748169,17.636254230269245,17.699737548828125,35581550,0.0,0.0
2004-09-27 00:00:00-04:00,17.584672599606492,17.84058734341032,17.56880267050842,17.602527618408203,35013686,0.0,0.0
2004-09-28 00:00:00-04:00,17.675931753315734,18.00127973176795,17.427953736148243,17.902088165283203,57726821,0.0,0.0
2004-09-29 00:00:00-04:00,17.9298587606135,18.350431658794708,17.87629550253774,18.28297996520996,52364189,0.0,0.0
2004-09-30 00:00:00-04:00,18.26710928749663,18.378204180395795,17.999293008094423,18.239336013793945,47356056,0.0,0.0
2004-10-01 00:00:00-04:00,18.37027124513871,18.445656110384622,18.062778312745902,18.338529586791992,63596966,0.0,0.0
2004-10-04 00:00:00-04:00,18.374242222383522,18.745216725787483,18.340515469439744,18.578577041625977,48323563,0.0,0.0
2004-10-05 00:00:00-04:00,18.53889934956875,18.679752646823253,18.429789514492473,18.622220993041992,28700179,0.0,0.0
2004-10-06 00:00:00-04:00,18.759103781418887,19.19951325218144,18.707523807882172,19.16380500793457,57495398,0.0,0.0
2004-10-07 00:00:00-04:00,19.171737238177656,19.177688911051092,18.822582618770774,18.844404220581055,46655611,0.0,0.0
2004-10-08 00:00:00-04:00,18.757123206494875,18.786879781329358,18.251245251507708,18.3682918548584,40796870,0.0,0.0
2004-10-11 00:00:00-04:00,18.411932977312144,18.636106101517488,18.362336294109237,18.594446182250977,23782810,0.0,0.0
2004-10-12 00:00:00-04:00,18.447643375454522,18.628171493835893,18.253226818961817,18.54683494567871,39376022,0.0,0.0
2004-10-13 00:00:00-04:00,18.888049990273956,18.99517651017459,18.62420027387362,18.75910186767578,49757242,0.0,0.0
2004-10-14 00:00:00-04:00,18.72736452607765,19.05072745197302,18.715461177103705,18.939634323120117,40326422,0.0,0.0
2004-10-15 00:00:00-04:00,19.058661597799603,19.06858165327775,18.530962115904494,18.60039710998535,46430366,0.0,0.0
2004-10-18 00:00:00-04:00,18.49525588522928,18.804733959268518,18.33456427484821,18.788862228393555,39217781,0.0,0.0
2004-10-19 00:00:00-04:00,18.87813470879771,18.880118000785878,18.28100019427409,18.34051513671875,44841298,0.0,0.0
2004-10-20 00:00:00-04:00,18.271080266531538,18.36828853640104,17.941763922148073,18.124277114868164,70062062,0.0,0.0
2004-10-21 00:00:00-04:00,19.419716360297645,19.874014230404438,19.056675082172283,19.756969451904297,148832640,0.0,0.0
2004-10-22 00:00:00-04:00,20.20531576691654,20.2588790329227,19.005098713438834,19.026920318603516,83178533,0.0,0.0
2004-10-25 00:00:00-04:00,18.931697134167848,19.22332015935194,18.8047322888907,19.026920318603516,59640451,0.0,0.0
2004-10-26 00:00:00-04:00,19.044772878962057,19.124126121767173,18.72140823472236,18.895984649658203,47969539,0.0,0.0
2004-10-27 00:00:00-04:00,18.905906224006255,19.699438715853987,18.903921134114565,19.5744571685791,58600714,0.0,0.0
2004-10-28 00:00:00-04:00,19.35226927462115,19.689520617168405,19.350285982621056,19.6141357421875,39418790,0.0,0.0
2004-10-29 00:00:00-04:00,19.50700937540359,19.739117474554714,19.334414421486684,19.368141174316406,32104512,0.0,0.0
2004-11-01 00:00:00-05:00,19.245141289743334,19.83830738115504,19.239189616101836,19.695470809936523,45097906,0.0,0.0
2004-11-02 00:00:00-05:00,19.73712643733944,20.112071006724758,19.649838239718015,19.969234466552734,51279782,0.0,0.0
2004-11-03 00:00:00-05:00,20.205314076588785,20.41163215766517,19.45939320061544,19.689517974853516,63946238,0.0,0.0
2004-11-04 00:00:00-05:00,19.70539084069531,20.07041543568827,19.407814351347877,20.010900497436523,50630659,0.0,0.0
2004-11-05 00:00:00-05:00,20.088272502033075,20.14977073839518,19.328464866511247,19.774826049804688,57547670,0.0,0.0
2004-11-08 00:00:00-05:00,20.195400107301666,20.701276261587232,20.10414349492629,20.570343017578125,63296640,0.0,0.0
2004-11-09 00:00:00-05:00,20.61200238209296,20.88775550389196,20.415604319497238,20.725082397460938,54521122,0.0,0.0
2004-11-10 00:00:00-05:00,20.770707626023516,20.83220765826447,20.421554737079617,20.600099563598633,36863640,0.0,0.0
2004-11-11 00:00:00-05:00,20.699290026570942,21.405532530772174,20.613985100877503,21.393630981445312,55643544,0.0,0.0
2004-11-12 00:00:00-05:00,21.42537299380449,21.871734144511585,21.22698806249285,21.800315856933594,60166973,0.0,0.0
2004-11-15 00:00:00-05:00,21.709060318369836,21.84594522641874,21.49083886114597,21.707077026367188,35878550,0.0,0.0
2004-11-16 00:00:00-05:00,21.570191833645527,21.60391858577862,21.286503763189586,21.409502029418945,29233354,0.0,0.0
2004-11-17 00:00:00-05:00,21.603918807123428,22.000683293724936,21.51266040393803,21.69715690612793,44086680,0.0,0.0
2004-11-18 00:00:00-05:00,21.669383093510568,21.970926181703394,21.629706466016184,21.921329498291016,36542405,0.0,0.0
2004-11-19 00:00:00-05:00,21.871731946699732,21.974890086756382,21.4888523582449,21.492820739746094,30626165,0.0,0.0
2004-11-22 00:00:00-05:00,21.506711002005197,21.71898078918457,21.034558033963023,21.71898078918457,38433701,0.0,0.0
2004-11-23 00:00:00-05:00,21.766590428642193,21.919345258078277,21.57614226529048,21.728897094726562,43442309,0.0,0.0
2004-11-24 00:00:00-05:00,21.871733413978774,22.25857961179804,21.836025170426844,22.161373138427734,48073133,0.0,0.0
2004-11-26 00:00:00-05:00,22.294292993350417,22.34587297361051,22.042346564637306,22.119714736938477,12258734,0.0,0.0
2004-11-29 00:00:00-05:00,22.373646512031762,22.393484827890543,22.0244917932994,22.347856521606445,34579354,0.0,0.0
2004-11-30 00:00:00-05:00,22.306190864965735,22.508542370267346,22.218902650201997,22.278417587280273,29506594,0.0,0.0
2004-12-01 00:00:00-05:00,22.429190976981623,22.574010848999023,22.084004672979088,22.574010848999023,41764853,0.0,0.0
2004-12-02 00:00:00-05:00,22.73668409412509,23.250496969552955,22.526399402804156,23.206851959228516,52357536,0.0,0.0
2004-12-03 00:00:00-05:00,23.190986909364067,23.276291857896172,22.913250453056033,23.093778610229492,44452584,0.0,0.0
2004-12-06 00:00:00-05:00,23.04814382279591,23.190980393716348,22.913244015440046,23.079885482788086,28499645,0.0,0.0
2004-12-07 00:00:00-05:00,23.121544181644627,23.121544181644627,22.552186614079773,22.59979820251465,39141749,0.0,0.0
2004-12-08 00:00:00-05:00,22.665266506489115,22.794216451385886,22.32008198760649,22.736684799194336,47688696,0.0,0.0
2004-12-09 00:00:00-05:00,22.575995727399423,23.10171018632816,22.486722409076478,23.05608367919922,41051102,0.0,0.0
2004-12-10 00:00:00-05:00,22.98664981907081,23.06798817489726,22.68510848892554,22.697010040283203,33993907,0.0,0.0
2004-12-13 00:00:00-05:00,22.780327830538212,23.0521125391298,22.645428021224568,23.012435913085938,30924115,0.0,0.0
2004-12-14 00:00:00-05:00,22.968787494092073,23.111624045872723,22.7664378101727,23.054092407226562,28931126,0.0,0.0
2004-12-15 00:00:00-05:00,23.246525208657307,23.444908305791273,23.135430314644598,23.288185119628906,36366106,0.0,0.0
2004-12-16 00:00:00-05:00,23.194949051163263,23.268350629342628,22.814052722907736,22.95292091369629,32024678,0.0,0.0
2004-12-17 00:00:00-05:00,22.875550706335414,23.030290624679846,22.74660257247043,22.764455795288086,31458240,0.0,0.0
2004-12-20 00:00:00-05:00,22.865632538360366,23.064015666688473,22.61170105524716,22.744619369506836,36516269,0.0,0.0
2004-12-21 00:00:00-05:00,22.712875539583973,22.744617196701917,22.347850977948987,22.55615234375,36855086,0.0,0.0
2004-12-22 00:00:00-05:00,22.550208949553337,22.6672537590615,22.333968960671704,22.500612258911133,28495368,0.0,0.0
2004-12-23 00:00:00-05:00,22.50655924206205,22.575992436780425,22.40339929780768,22.486719131469727,20078150,0.0,0.0
2004-12-27 00:00:00-05:00,22.629556061440656,22.730732715484002,22.379592960292786,22.38951301574707,27728870,0.0,0.0
2004-12-28 00:00:00-05:00,22.460931954783835,23.06004794051517,22.451011899041028,23.044178009033203,35850989,0.0,0.0
2004-12-29 00:00:00-05:00,23.048145212374944,23.484588118836683,23.03624366248795,23.323898315429688,39241541,0.0,0.0
2004-12-30 00:00:00-05:00,23.329848123166364,23.478634566695504,23.270333186136973,23.36357307434082,21297038,0.0,0.0
2004-12-31 00:00:00-05:00,23.436975112000475,23.49252346650896,23.04219394725554,23.079885482788086,22028846,0.0,0.0
2005-01-03 00:00:00-05:00,23.248514304109822,23.36357580993684,22.564091549089756,22.637493133544922,46817654,0.0,0.0
2005-01-04 00:00:00-05:00,22.7426359611555,22.764457567458468,21.921330108767403,22.082021713256836,52193117,0.0,0.0
2005-01-05 00:00:00-05:00,22.034407784490735,22.433157352787838,21.90545964372398,22.000682830810547,46525882,0.0,0.0
2005-01-06 00:00:00-05:00,22.175255571418667,22.208982317557616,20.941313736831887,21.064311981201172,102103848,0.0,0.0
2005-01-07 00:00:00-05:00,21.238892317196335,21.544401995789833,21.090105859969036,21.14366912841797,67125802,0.0,0.0
2005-01-10 00:00:00-05:00,21.286505205210375,21.540436720866026,21.00877058804683,21.288490295410156,53028043,0.0,0.0
2005-01-11 00:00:00-05:00,21.15755778348514,21.320232694403565,20.635809891327664,20.798484802246094,55250554,0.0,0.0
2005-01-12 00:00:00-05:00,20.784595176852452,21.306341196015925,20.1973807461958,21.27658462524414,111045211,0.0,0.0
2005-01-13 00:00:00-05:00,21.33609914658678,21.373792480374902,20.35608685280524,20.475116729736328,74554603,0.0,0.0
2005-01-14 00:00:00-05:00,20.61993653996755,20.961154440770127,20.477099968783122,20.869897842407227,61737034,0.0,0.0
2005-01-18 00:00:00-05:00,20.953218564613557,21.193263397368163,20.750868862000278,21.102005004882812,52074792,0.0,0.0
2005-01-19 00:00:00-05:00,21.36784433839795,21.379745889587177,20.407668400651616,20.443378448486328,112626677,0.0,0.0
2005-01-20 00:00:00-05:00,17.062931464650035,17.253379678033838,16.14838553963815,16.531265258789062,411637248,0.0,0.0
2005-01-21 00:00:00-05:00,16.912159110463648,17.475566899117396,16.747500915490892,17.070865631103516,227677824,0.0,0.0
2005-01-24 00:00:00-05:00,17.094672560363623,17.217670847701317,16.17417499095973,16.340816497802734,155610893,0.0,0.0
2005-01-25 00:00:00-05:00,16.511419847326067,16.78320450873604,15.751612410679222,15.87857723236084,158176022,0.0,0.0
2005-01-26 00:00:00-05:00,16.00951121285588,16.36064912963445,15.844853055551232,16.33089256286621,116262907,0.0,0.0
2005-01-27 00:00:00-05:00,16.420169066730228,16.614585648156943,16.203932674571274,16.406282424926758,82715213,0.0,0.0
2005-01-28 00:00:00-05:00,16.491587094792,16.521345468230688,15.884534257533083,16.088869094848633,76129416,0.0,0.0
2005-01-31 00:00:00-05:00,16.299153752072005,16.42016692807744,16.072997332029818,16.16822052001953,60205939,0.0,0.0
2005-02-01 00:00:00-05:00,16.02736655391721,16.14837971122714,15.430233934037469,15.459990501403809,106102656,0.0,0.0
2005-02-02 00:00:00-05:00,15.577040976811022,15.850809017121303,15.186226333210223,15.632589340209961,131430816,0.0,0.0
2005-02-03 00:00:00-05:00,15.499671435646283,15.807166239818951,15.301290069136526,15.319143295288086,88258896,0.0,0.0
2005-02-04 00:00:00-05:00,15.247721259382335,15.295332847599212,14.862858374003713,15.053305625915527,126070560,0.0,0.0
2005-02-07 00:00:00-05:00,15.196146387742996,15.257644627624593,14.94221486529405,14.995779037475586,70627075,0.0,0.0
2005-02-08 00:00:00-05:00,15.067192792781945,15.642503814970356,15.037434427072746,15.579020500183105,103446288,0.0,0.0
2005-02-09 00:00:00-05:00,15.830972198527054,16.17814365881713,15.620685670383377,15.670282363891602,112091602,0.0,0.0
2005-02-10 00:00:00-05:00,15.872626085923116,16.188055758097917,15.265575231180277,16.1126708984375,130322174,0.0,0.0
2005-02-11 00:00:00-05:00,16.029353169682555,16.35866955920326,15.852791626271785,16.281299591064453,86411318,0.0,0.0
2005-02-14 00:00:00-05:00,16.071015333177872,16.729646332294593,16.071015333177872,16.727663040161133,70066339,0.0,0.0
2005-02-15 00:00:00-05:00,16.701870561155996,17.114506744940716,16.555067407199243,16.941913604736328,97047720,0.0,0.0
2005-02-16 00:00:00-05:00,16.83280169999504,17.118473007096394,16.814946681398556,17.07879638671875,59282150,0.0,0.0
2005-02-17 00:00:00-05:00,17.19584855464645,17.239491772417527,16.719727157017186,16.949851989746094,58398278,0.0,2.0
2005-02-18 00:00:00-05:00,16.97762448425659,16.997462799981946,16.747501460313654,16.84669303894043,46618783,0.0,0.0
2005-02-22 00:00:00-05:00,16.77130700549036,16.894305286954662,16.227737493323357,16.307090759277344,46295172,0.0,0.0
2005-02-23 00:00:00-05:00,16.5491165885607,16.664178088611724,16.346765069890235,16.600696563720703,41503018,0.0,0.0
2005-02-24 00:00:00-05:00,16.382473848675932,16.85859334000329,16.35073218963638,16.81098175048828,44397223,0.0,0.0
2005-02-25 00:00:00-05:00,16.830817804688074,17.076812508868432,16.660209763428036,16.759401321411133,30751380,0.0,0.0
2005-02-28 00:00:00-05:00,16.684011060528054,17.183935326099352,16.656237789899908,16.997455596923828,32284850,0.0,0.0
2005-03-01 00:00:00-05:00,17.001426979633024,17.088715187629266,16.69591735260191,16.89430046081543,33762960,0.0,0.0
2005-03-02 00:00:00-05:00,16.747500110115006,16.86652999487084,16.60069694520058,16.691951751708984,33077009,0.0,0.0
2005-03-03 00:00:00-05:00,16.81891206775404,16.89429871996016,16.22773118543078,16.461822509765625,41522263,0.0,0.0
2005-03-04 00:00:00-05:00,16.66417683616397,16.78320670923847,16.390408847328086,16.564985275268555,32694473,0.0,0.0
2005-03-07 00:00:00-05:00,16.438021583576475,16.71972455731649,16.29518680477681,16.620532989501953,38688646,0.0,0.0
2005-03-08 00:00:00-05:00,16.51737330134137,16.648306518294586,16.188056967213164,16.207895278930664,32470654,0.0,0.0
2005-03-09 00:00:00-05:00,15.938099108966579,16.21583373470963,15.795262514617349,15.830970764160156,40068626,0.0,0.0
2005-03-10 00:00:00-05:00,15.823035280582612,15.934130206104737,15.35088409472477,15.418334007263184,50604523,0.0,0.0
2005-03-11 00:00:00-05:00,15.513553342319167,15.592906583938525,15.12075551553874,15.17630386352539,41710918,0.0,0.0
2005-03-14 00:00:00-05:00,14.993792135673651,15.029501277657639,14.263742062506777,14.474027633666992,102925944,0.0,0.0
2005-03-15 00:00:00-05:00,14.628769944816115,14.966020410445351,14.597028280287853,14.708123207092285,57322426,0.0,0.0
2005-03-16 00:00:00-05:00,14.581155059618954,14.819214807453088,14.378804453768808,14.474027633666992,41088168,0.0,0.0
2005-03-17 00:00:00-05:00,14.442286925610315,14.612896771792824,14.307387120585267,14.331192016601562,29111702,0.0,0.0
2005-03-18 00:00:00-05:00,14.26374282768535,14.331192733572305,13.886815772438721,13.890782356262207,71222738,0.0,0.0
2005-03-21 00:00:00-05:00,13.997908948142324,14.446254264289232,13.966167289014964,14.335160255432129,51318986,0.0,0.0
2005-03-22 00:00:00-05:00,14.474028404932065,14.660509090098907,14.172487120460731,14.235969543457031,57166560,0.0,0.0
2005-03-23 00:00:00-05:00,14.160583934607898,14.45815863865709,14.105036476709836,14.251839637756348,38929334,0.0,0.0
2005-03-24 00:00:00-05:00,14.386743441715291,14.50973992594756,14.065362892171223,14.085200309753418,31849330,0.0,0.0
2005-03-28 00:00:00-05:00,14.128841476958392,14.477995215054737,14.109002266691213,14.247870445251465,39783744,0.0,0.0
2005-03-29 00:00:00-05:00,14.283580820412302,14.525608058451674,14.112971868568847,14.323257446289062,39397882,0.0,0.0
2005-03-30 00:00:00-05:00,14.466093935851617,14.97395423630236,14.38674157866519,14.954116821289062,57868193,0.0,0.0
2005-03-31 00:00:00-05:00,15.041405436596728,15.20408033535661,14.716056538121402,14.783507347106934,41371387,0.0,0.0
2005-04-01 00:00:00-05:00,14.973955377055175,15.021567873847568,14.497836702442642,14.708123207092285,44779997,0.0,0.0
2005-04-04 00:00:00-04:00,14.620832748958586,15.188207983186715,14.521641180137822,15.140596389770508,43680146,0.0,0.0
2005-04-05 00:00:00-04:00,15.315171510186083,15.374688244431928,15.037435141452496,15.188206672668457,41015225,0.0,0.0
2005-04-06 00:00:00-04:00,15.291369304977158,15.319142587119286,14.700187321992805,14.747798919677734,36840830,0.0,0.0
2005-04-07 00:00:00-04:00,14.720025886670827,14.81921746606364,14.017749864187516,14.339130401611328,63099194,0.0,0.0
2005-04-08 00:00:00-04:00,14.374835977844533,14.410545119594453,13.90268486697052,13.950297355651855,46379520,0.0,0.0
2005-04-11 00:00:00-04:00,13.986005770981336,14.049488186881568,13.410693848323442,13.478144645690918,61532460,0.0,0.0
2005-04-12 00:00:00-04:00,13.367051718131089,13.430534143408792,12.676679107049997,13.355149269104004,137962202,0.0,0.0
2005-04-13 00:00:00-04:00,13.422598211410422,13.59717554264366,12.9782203674025,13.009961128234863,63903470,0.0,0.0
2005-04-14 00:00:00-04:00,13.132958569074603,13.255956827582956,12.930607958466824,13.089314460754395,47252938,0.0,0.0
2005-04-15 00:00:00-04:00,12.950448132018103,13.24405536286272,12.656840901173485,12.684614181518555,55033150,0.0,0.0
2005-04-18 00:00:00-04:00,12.644937247418087,13.049639387951654,12.52987574673105,12.934576988220215,54244080,0.0,0.0
2005-04-19 00:00:00-04:00,13.121056192460228,13.160732818248723,12.53780925394273,12.76396656036377,63350813,0.0,0.0
2005-04-20 00:00:00-04:00,12.970288011751537,13.291668561730877,12.890933846092622,13.136929512023926,102508006,0.0,0.0
2005-04-21 00:00:00-04:00,13.359113276379281,13.414661623969247,12.383069490284443,13.125021934509277,157506703,0.0,0.0
2005-04-22 00:00:00-04:00,13.002027238837242,13.14089543896301,12.3989428436231,12.50210189819336,71451785,0.0,0.0
2005-04-25 00:00:00-04:00,12.47432888505698,12.621132964056654,12.248172440467778,12.517973899841309,68283389,0.0,0.0
2005-04-26 00:00:00-04:00,12.367199536195491,12.529874411084323,12.240234701156911,12.355297088623047,51032441,0.0,0.0
2005-04-27 00:00:00-04:00,12.236269374239514,12.597326530340275,12.212462676812098,12.490199089050293,55491955,0.0,0.0
2005-04-28 00:00:00-04:00,12.387040646017248,12.803644355810304,12.379104780707962,12.61716365814209,51581297,0.0,0.0
2005-04-29 00:00:00-04:00,12.807612554555153,12.87506156492918,12.379104603413083,12.58145523071289,43895174,0.0,0.0
2005-05-02 00:00:00-04:00,12.4941667343824,12.676679043279314,12.45052262341381,12.50606918334961,32683781,0.0,0.0
2005-05-03 00:00:00-04:00,12.517971840092843,12.855223159295054,12.454488519595762,12.76396656036377,39596753,0.0,0.0
2005-05-04 00:00:00-04:00,12.839354098328243,13.6963691536405,12.803644950389298,13.676530838012695,79264073,0.0,0.0
2005-05-05 00:00:00-04:00,13.533694191673147,13.692400705512604,13.335311049373825,13.454340934753418,41434826,0.0,0.0
2005-05-06 00:00:00-04:00,13.613045819891594,13.791590626599405,13.331341072294931,13.406726837158203,70498534,0.0,0.0
2005-05-09 00:00:00-04:00,13.410695790966257,13.561467337233477,13.248021795705991,13.315472602844238,34573651,0.0,0.0
2005-05-10 00:00:00-04:00,13.204378544295814,13.29563425536123,12.974253726915338,12.99409294128418,43579166,0.0,0.0
2005-05-11 00:00:00-04:00,13.037735868713705,13.236119916628287,12.843321102056542,13.180571556091309,41489712,0.0,0.0
2005-05-12 00:00:00-04:00,13.184539605281316,13.50988760159271,13.172637156076417,13.410696029663086,43095650,0.0,0.0
2005-05-13 00:00:00-04:00,13.529725223175687,14.144711997738316,13.466241905374348,13.910619735717773,69477566,0.0,0.0
2005-05-16 00:00:00-04:00,13.823332197100628,14.09313361379384,13.728109013838898,14.037585258483887,33663881,0.0,0.0
2005-05-17 00:00:00-04:00,13.946328622214741,14.116937563314403,13.859039511356123,13.997908592224121,33311045,0.0,0.0
2005-05-18 00:00:00-04:00,14.021717051725256,14.315324300342377,13.926492957708287,14.16455364227295,37990577,0.0,0.0
2005-05-19 00:00:00-04:00,14.295484992446962,14.382774119327467,14.224067596684158,14.347064971923828,31916095,0.0,0.0
2005-05-20 00:00:00-04:00,14.355000978398392,14.50577163696289,14.251841018431996,14.50577163696289,35541396,0.0,0.0
2005-05-23 00:00:00-04:00,14.466093322232192,14.846988756174618,14.44228752618161,14.723991394042969,37624673,0.0,0.0
2005-05-24 00:00:00-04:00,14.688281610223964,14.688281610223964,14.462125209034403,14.636702537536621,31413809,0.0,0.0
2005-05-25 00:00:00-04:00,14.981889502211533,15.152499355902753,14.823182996096678,14.90650463104248,62651081,0.0,0.0
2005-05-26 00:00:00-04:00,15.168372023945349,15.235821941595676,14.989827172353205,15.009665489196777,53874137,0.0,0.0
2005-05-27 00:00:00-04:00,15.081081756641675,15.231853303947831,14.93031020933552,15.196145057678223,28552867,0.0,0.0
2005-05-31 00:00:00-04:00,15.271529761723462,15.354851399540406,15.02553412934216,15.07711410522461,44541684,0.0,0.0
2005-06-01 00:00:00-04:00,15.200111691485393,15.711941277590231,15.19614510749179,15.517524719238281,59192813,0.0,0.0
2005-06-02 00:00:00-04:00,15.477849167695835,16.24360851004789,15.27549942727747,15.493719100952148,36992894,0.0,0.0
2005-06-03 00:00:00-04:00,15.501655469547718,15.55323365035722,14.886667701201617,14.997761726379395,45970373,0.0,0.0
2005-06-06 00:00:00-04:00,15.350882510375087,15.473878973935744,15.215980901132376,15.33104419708252,48163421,0.0,0.0
2005-06-07 00:00:00-04:00,15.54926587242199,15.553232456285697,15.00172805786133,15.001728057861328,48425494,0.0,0.0
2005-06-08 00:00:00-04:00,15.144565538020805,15.176307201267226,14.660510118257328,14.720025062561035,40074804,0.0,0.0
2005-06-09 00:00:00-04:00,14.684315755772221,14.898569732734144,14.53751168866663,14.76366901397705,49924750,0.0,0.0
2005-06-10 00:00:00-04:00,14.731925812479611,14.771603336482553,14.41451371185516,14.533543586730957,29853252,0.0,0.0
2005-06-13 00:00:00-04:00,14.414514208201087,14.839053750258856,14.394674995994306,14.684314727783203,28019218,0.0,0.0
2005-06-14 00:00:00-04:00,14.720025205958263,14.803345948986244,14.600995316191305,14.716056823730469,25627298,0.0,0.0
2005-06-15 00:00:00-04:00,14.989824932279037,15.100919849618867,14.581156205799498,14.815248489379883,43508124,0.0,0.0
2005-06-16 00:00:00-04:00,14.90253734588623,15.22788534774748,14.846989884849215,14.90253734588623,59856905,0.0,0.0
2005-06-17 00:00:00-04:00,15.156466536074827,15.315173048434422,15.001728405759755,15.096953392028809,47179282,0.0,0.0
2005-06-20 00:00:00-04:00,14.648605083284505,14.894598884325351,14.497833558042462,14.775569915771484,57660768,0.0,0.0
2005-06-21 00:00:00-04:00,14.696218233629248,14.846988875861259,14.537510827575767,14.640670776367188,36450454,0.0,0.0
2005-06-22 00:00:00-04:00,14.73986234342412,14.795408901642462,14.386741084560168,14.43832015991211,39910860,0.0,0.0
2005-06-23 00:00:00-04:00,14.263745004689872,14.33913078686271,13.628919778564436,13.664628028869629,83431102,0.0,0.0
2005-06-24 00:00:00-04:00,13.692400677618146,13.815398045784267,13.52972668107299,13.636853218078613,43235597,0.0,0.0
2005-06-27 00:00:00-04:00,13.54163057672238,13.692402140286402,13.259926664947566,13.343247413635254,44012549,0.0,0.0
2005-06-28 00:00:00-04:00,13.482116180848665,13.565437831998823,13.208348123793755,13.271830558776855,35491738,0.0,0.0
2005-06-29 00:00:00-04:00,13.244055105169815,13.402760717110786,13.025832753520517,13.053606033325195,39113712,0.0,0.0
2005-06-30 00:00:00-04:00,13.11708930820454,13.240087581426895,13.061542744994465,13.097251892089844,41121907,0.0,0.0
2005-07-01 00:00:00-04:00,13.248023059313292,13.283732207787224,13.045672416687012,13.045672416687012,24179839,0.0,0.0
2005-07-05 00:00:00-04:00,12.994091550472858,13.339277840552384,12.994091550472858,13.307537078857422,31333025,0.0,0.0
2005-07-06 00:00:00-04:00,13.355149230909882,13.613047313336581,13.299601771809096,13.315472602844238,43556357,0.0,0.0
2005-07-07 00:00:00-04:00,13.192473912839892,13.537659283737087,13.132958077664664,13.5257568359375,40184813,0.0,0.0
2005-07-08 00:00:00-04:00,13.617011554609421,13.692398213817869,13.414661865140308,13.688429832458496,42138122,0.0,0.0
2005-07-11 00:00:00-04:00,13.84713865395965,14.220099136353943,13.775721263103984,14.105036735534668,51367219,0.0,0.0
2005-07-12 00:00:00-04:00,14.089167793269857,14.160586092743886,13.93839712633345,14.085200309753418,32941814,0.0,0.0
2005-07-13 00:00:00-04:00,14.112972713659287,14.156616824928278,13.859041213989258,13.859041213989258,30314196,0.0,0.0
2005-07-14 00:00:00-04:00,14.025685410145885,14.077265393178067,13.84714055986538,13.902688026428223,33250694,0.0,0.0
2005-07-15 00:00:00-04:00,13.997911383306398,14.033620531275783,13.84713982478877,13.918558120727539,28761242,0.0,0.0
2005-07-18 00:00:00-04:00,13.811426406893656,14.085195257961539,13.795555579475593,13.847135543823242,27588686,0.0,0.0
2005-07-19 00:00:00-04:00,13.982038952604341,14.069327171844812,13.851106623743634,14.033618927001953,31515264,0.0,0.0
2005-07-20 00:00:00-04:00,13.859041447877443,14.057425491532902,13.740012460155262,13.835236549377441,71768268,0.0,0.0
2005-07-21 00:00:00-04:00,15.8270048944654,16.870498924080927,15.815101544717315,16.703857421875,274797706,0.0,0.0
2005-07-22 00:00:00-04:00,16.5213453306712,16.83479000577774,16.19599730628829,16.27535057067871,74050654,0.0,0.0
2005-07-25 00:00:00-04:00,16.0690349761546,16.521347935251224,16.04522827384876,16.219804763793945,44359445,0.0,0.0
2005-07-26 00:00:00-04:00,16.203930139430774,16.267411663730666,15.811132251656112,16.037288665771484,44945366,0.0,0.0
2005-07-27 00:00:00-04:00,16.06902869323841,16.664176239202245,16.05315696521052,16.66020965576172,49715899,0.0,0.0
2005-07-28 00:00:00-04:00,16.588793578198292,17.183941203210246,16.529278635888215,16.6721134185791,42643973,0.0,0.0
2005-07-29 00:00:00-04:00,16.624502541719373,16.933980614703962,16.533247731377212,16.57689094543457,33246655,0.0,0.0
2005-08-01 00:00:00-04:00,17.033169485987717,17.43787068730753,16.981589515662264,17.30297088623047,70943083,0.0,0.0
2005-08-02 00:00:00-04:00,17.39819935653368,17.846545699467487,17.306942734824982,17.75528907775879,56787826,0.0,0.0
2005-08-03 00:00:00-04:00,17.656095522254084,17.806867080709587,17.50929234616148,17.675933837890625,35345851,0.0,0.0
2005-08-04 00:00:00-04:00,17.596578798580985,17.79099355295303,17.342649103308673,17.390260696411133,30930055,0.0,0.0
2005-08-05 00:00:00-04:00,17.425969565531837,17.715609314566134,17.195846557617188,17.195846557617188,32914490,0.0,0.0
2005-08-08 00:00:00-04:00,17.247422241990584,17.33867702678856,17.033167421550147,17.144262313842773,30617374,0.0,0.0
2005-08-09 00:00:00-04:00,17.259325534406187,17.330743815108065,16.862559306160854,16.985557556152344,28435255,0.0,0.0
2005-08-10 00:00:00-04:00,17.06094385271345,17.144265486876055,16.418182868607776,16.50943946838379,48822998,0.0,0.0
2005-08-11 00:00:00-04:00,16.457862885932474,16.73956770891964,16.271383064193653,16.497539520263672,44941327,0.0,0.0
2005-08-12 00:00:00-04:00,16.330896305395875,16.438022847253194,16.057126478328364,16.251543045043945,37495181,0.0,0.0
2005-08-15 00:00:00-04:00,16.251538951435425,16.58879022298073,16.235667224509623,16.358665466308594,28671192,0.0,0.0
2005-08-16 00:00:00-04:00,16.398345590056998,16.48166722947614,15.989675955252995,16.02141761779785,33810718,0.0,0.0
2005-08-17 00:00:00-04:00,16.045227353868775,16.172192230011827,15.906359127255296,16.05712890625,28214050,0.0,0.0
2005-08-18 00:00:00-04:00,15.953968498666733,16.01348344460194,15.672263702004505,15.842873573303223,35218022,0.0,0.0
2005-08-19 00:00:00-04:00,15.910320095269373,16.009511650690413,15.846838578653042,15.874611854553223,20488248,0.0,0.0
2005-08-22 00:00:00-04:00,15.922225270659718,15.953966931658599,15.346914183126774,15.533395767211914,33456694,0.0,0.0
2005-08-23 00:00:00-04:00,15.569103280363006,15.632586599377381,15.354850225344682,15.465943336486816,27455630,0.0,0.0
2005-08-24 00:00:00-04:00,15.362784733018657,15.866679351199613,15.362784733018657,15.458009719848633,36761234,0.0,0.0
2005-08-25 00:00:00-04:00,15.521488890843237,15.577037240919836,15.315170814488102,15.426265716552734,23510520,0.0,0.0
2005-08-26 00:00:00-04:00,15.410397873823221,15.688134267553023,15.338979584389225,15.461976051330566,31594622,0.0,0.0
2005-08-29 00:00:00-04:00,15.342947328103072,15.68019864931625,15.315172251414529,15.660360336303711,24406747,0.0,0.0
2005-08-30 00:00:00-04:00,15.632583655512844,15.783353363124455,15.438167151448472,15.751611709594727,34759930,0.0,0.0
2005-08-31 00:00:00-04:00,15.791289895822157,16.112671247845782,15.612745099828702,16.065059661865234,47622168,0.0,0.0
2005-09-01 00:00:00-04:00,16.0055474983272,16.128545778784115,15.78335943432924,15.846842765808105,37642968,0.0,0.0
2005-09-02 00:00:00-04:00,15.942065769272265,16.001580717519857,15.72384429236443,15.747649192810059,19833422,0.0,0.0
2005-09-06 00:00:00-04:00,15.834934208893555,16.07299392651706,15.767484315184586,15.938094139099121,27740275,0.0,0.0
2005-09-07 00:00:00-04:00,15.949999757211437,16.18805953559171,15.930161442346416,16.053159713745117,26389519,0.0,0.0
2005-09-08 00:00:00-04:00,15.56514064392366,15.584978963677132,15.303275902031443,15.446110725402832,72980978,0.0,0.0
2005-09-09 00:00:00-04:00,15.481814210102034,15.521489034683611,15.227882746159851,15.323107719421387,39420929,0.0,0.0
2005-09-12 00:00:00-04:00,15.089015240532511,15.700034537699318,14.977921231522334,15.4500732421875,94564325,0.0,0.0
2005-09-13 00:00:00-04:00,15.442136347703707,15.533394740851119,15.152498430209599,15.188206672668457,48899743,0.0,0.0
2005-09-14 00:00:00-04:00,15.223917829507158,15.275497804243217,14.878730635058028,14.94221305847168,48730572,0.0,0.0
2005-09-15 00:00:00-04:00,14.938246726989744,15.057276617206574,14.80731438717791,14.938246726989746,38595506,0.0,0.0
2005-09-16 00:00:00-04:00,14.962052322920549,15.009663918745735,14.68034843302523,14.720025062561035,72310234,0.0,0.0
2005-09-19 00:00:00-04:00,14.541478479055714,14.680346665713206,14.438319434490445,14.656540870666504,45104321,0.0,0.0
2005-09-20 00:00:00-04:00,14.684315623543515,14.795409644603238,14.406580121371999,14.565286636352539,35400262,0.0,0.0
2005-09-21 00:00:00-04:00,14.46212782308734,14.747799212967017,14.38277455933804,14.620834350585938,44490125,0.0,0.0
2005-09-22 00:00:00-04:00,14.652573147268079,15.041404446996262,14.600994072190261,14.966018676757812,41944003,0.0,0.0
2005-09-23 00:00:00-04:00,15.243755234086564,15.509588259612523,15.156465221389338,15.386590003967285,46970194,0.0,0.0
2005-09-26 00:00:00-04:00,15.592910152332735,15.69210172705665,15.243757247775681,15.362785339355469,33168722,0.0,0.0
2005-09-27 00:00:00-04:00,15.414364765983054,15.620682874404661,15.283431532417218,15.517524719238281,31850518,0.0,0.0
2005-09-28 00:00:00-04:00,15.604817283430604,15.727815585137867,15.327080806882002,15.446110725402832,27231098,0.0,0.0
2005-09-29 00:00:00-04:00,15.477849912168415,16.422154140474664,15.438173279030245,16.386444091796875,66902458,0.0,0.0
2005-09-30 00:00:00-04:00,16.334864076001967,16.406282375123777,16.14838426024822,16.34676742553711,29412742,0.0,0.0
2005-10-03 00:00:00-04:00,16.32692742743346,16.711792166926404,16.23170423713783,16.58482551574707,34992302,0.0,0.0
2005-10-04 00:00:00-04:00,16.525305013790177,16.61656158934667,15.866674273258473,15.949994087219238,39802514,0.0,0.0
2005-10-05 00:00:00-04:00,15.942062235187866,16.295185262028937,15.870643953505173,15.946030616760254,41154696,0.0,0.0
2005-10-06 00:00:00-04:00,15.973805512140007,16.02935207125034,15.50958933129602,15.648457527160645,39788021,0.0,0.0
2005-10-07 00:00:00-04:00,15.755585882641341,16.025387339695996,15.692102552244126,15.830970764160156,25822368,0.0,0.0
2005-10-10 00:00:00-04:00,15.870646497751347,16.27534955946893,15.811133351245182,16.053159713745117,29877012,0.0,0.0
2005-10-11 00:00:00-04:00,16.09283634347516,16.243607896067115,15.795261620499822,16.053159713745117,32993374,0.0,0.0
2005-10-12 00:00:00-04:00,16.080934301880664,16.112675967862213,15.620684640370806,15.640522956848145,34182324,0.0,0.0
2005-10-13 00:00:00-04:00,15.537361745523311,15.862709712382953,15.40246193914622,15.72780990600586,31477723,0.0,0.0
2005-10-14 00:00:00-04:00,15.83493332534922,15.86667497887895,15.366748880528668,15.751611709594727,29451470,0.0,0.0
2005-10-17 00:00:00-04:00,15.73971558471666,16.20789839272405,15.660362322601648,16.20393180847168,31698691,0.0,0.0
2005-10-18 00:00:00-04:00,16.255508316021693,16.44992486703151,15.997612038800762,16.037288665771484,33402046,0.0,0.0
2005-10-19 00:00:00-04:00,16.033316439410935,16.691947210346875,15.953963204496603,16.668142318725586,74742545,0.0,0.0
2005-10-20 00:00:00-04:00,16.14044671765497,16.390409825649108,15.422300852760214,15.533395767211914,101581603,0.0,0.0
2005-10-21 00:00:00-04:00,15.84287513050747,15.890488530406737,15.569107071532292,15.588945388793945,48823711,0.0,0.0
2005-10-24 00:00:00-04:00,15.660363071414531,15.672264622829694,15.184241677869375,15.640522956848145,39826987,0.0,0.0
2005-10-25 00:00:00-04:00,15.477847664135442,15.612747477976482,14.767635854305858,15.08108139038086,74405628,0.0,0.0
2005-10-26 00:00:00-04:00,15.037436746233185,15.331044874795454,14.985858567863493,15.196145057678223,36925891,0.0,0.0
2005-10-27 00:00:00-04:00,15.092983159782206,15.422299492176261,14.985856636689553,15.013629913330078,27990230,0.0,0.0
2005-10-28 00:00:00-04:00,15.25565663729424,15.295333261563579,14.878729605779863,15.247721672058105,27173124,0.0,0.0
2005-10-31 00:00:00-05:00,15.21994834155319,15.870644258063225,15.215979959904647,15.715906143188477,50698138,0.0,0.0
2005-11-01 00:00:00-05:00,15.517526748480702,16.15235288700332,15.485785081936754,15.977774620056152,55716012,0.0,0.0
2005-11-02 00:00:00-05:00,15.866679741486404,16.35866922556557,15.862711359320892,16.29915428161621,41771506,0.0,0.0
2005-11-03 00:00:00-05:00,16.35073024811143,16.64433651366432,16.227732008221505,16.48563003540039,53184622,0.0,0.0
2005-11-04 00:00:00-05:00,16.45389630135282,16.656246057588476,16.354704715524818,16.497539520263672,28008763,0.0,0.0
2005-11-07 00:00:00-05:00,16.406282196501724,16.74750195631923,16.402315612092565,16.612600326538086,40572338,0.0,0.0
2005-11-08 00:00:00-05:00,16.509440823338057,17.20378183804957,16.445957497043164,16.7832088470459,63316123,0.0,0.0
2005-11-09 00:00:00-05:00,16.620534268022492,17.072848930903977,16.51737610841329,16.695920944213867,41952557,0.0,0.0
2005-11-10 00:00:00-05:00,16.691953278703586,17.239491158287443,16.616568397364148,17.183942794799805,35558978,0.0,0.0
2005-11-11 00:00:00-05:00,17.21964966622373,17.552934391408993,17.17997304166039,17.414064407348633,33740388,0.0,0.0
2005-11-14 00:00:00-05:00,17.35851891740994,17.43390378947085,17.16807074820122,17.271230697631836,21215779,0.0,0.0
2005-11-15 00:00:00-05:00,17.334711621400345,17.568804791432157,17.02920196371723,17.080781936645508,33631092,0.0,0.0
2005-11-16 00:00:00-05:00,17.021267899231532,17.172039444199626,16.854626422409456,16.87843132019043,39248906,0.0,0.0
2005-11-17 00:00:00-05:00,16.97762228853317,17.418033559913066,16.90223741776197,17.37835693359375,39653777,0.0,0.0
2005-11-18 00:00:00-05:00,17.45770825248956,17.775121227885112,17.370420043873494,17.723541259765625,41491613,0.0,0.0
2005-11-21 00:00:00-05:00,17.608478202785157,18.370268916080295,17.58467151252128,18.326623916625977,57214080,0.0,0.0
2005-11-22 00:00:00-05:00,18.16792403024978,18.600398565366117,18.00524913277178,18.548818588256836,43243913,0.0,0.0
2005-11-23 00:00:00-05:00,18.53691439072743,18.886069068137527,18.433754441235088,18.505172729492188,32767654,0.0,0.0
2005-11-25 00:00:00-05:00,18.5686557848537,18.703555595551975,18.405980897168643,18.532947540283203,10835035,0.0,0.0
2005-11-28 00:00:00-05:00,18.600397615036393,18.858295689317433,17.92986154305242,18.001279830932617,39223246,0.0,0.0
2005-11-29 00:00:00-05:00,18.207597992748127,18.22743630622192,17.576740343516924,17.65609359741211,37376381,0.0,0.0
2005-11-30 00:00:00-05:00,17.842574316274487,17.92986254050005,17.568806295274108,17.77909278869629,32657170,0.0,0.0
2005-12-01 00:00:00-05:00,17.85447390241699,18.239336763194448,17.675929109450166,17.838603973388672,39920839,0.0,0.0
2005-12-02 00:00:00-05:00,17.854474299682366,17.99334247507974,17.556899638116565,17.929859161376953,31949359,0.0,0.0
2005-12-05 00:00:00-05:00,17.997309872367243,18.207596335669,17.790991790634592,17.933828353881836,32990998,0.0,0.0
2005-12-06 00:00:00-05:00,18.080636400994667,18.104441302595294,17.71164514242758,17.731483459472656,29878438,0.0,0.0
2005-12-07 00:00:00-05:00,17.75925581231624,17.846544043118826,17.299006161773146,17.588645935058594,30430382,0.0,0.0
2005-12-08 00:00:00-05:00,17.48548303329483,17.580708012963186,17.116491856107157,17.247425079345703,39038630,0.0,0.0
2005-12-09 00:00:00-05:00,17.100623784937593,17.342651970514645,17.0966572004084,17.227588653564453,22354358,0.0,0.0
2005-12-12 00:00:00-05:00,17.176007856360215,17.695770601600785,17.176007856360215,17.628320693969727,26977817,0.0,0.0
2005-12-13 00:00:00-05:00,17.568806388559462,18.044925939323917,17.544999691785687,17.997312545776367,29862518,0.0,0.0
2005-12-14 00:00:00-05:00,18.013178918695797,18.052855536125225,17.711637705085142,17.969533920288086,24473750,0.0,0.0
2005-12-15 00:00:00-05:00,18.19173015501331,18.35837164775533,18.05286194471346,18.259180068969727,29540333,0.0,0.0
2005-12-16 00:00:00-05:00,18.251244670603523,18.48136948756098,18.112376463588205,18.22743797302246,45272542,0.0,0.0
2005-12-19 00:00:00-05:00,18.326629479373036,18.445659370645227,17.667998493186925,17.703706741333008,28949897,0.0,0.0
2005-12-20 00:00:00-05:00,17.759252585225894,17.818765724336465,17.275198122289723,17.513256072998047,31401454,0.0,0.0
2005-12-21 00:00:00-05:00,17.632285894077675,17.814797270138296,17.437869374120844,17.572769165039062,23013936,0.0,0.0
2005-12-22 00:00:00-05:00,17.667993427503244,17.691798320079094,17.449772022738298,17.568801879882812,16663126,0.0,0.0
2005-12-23 00:00:00-05:00,17.572770911710364,17.75131572230746,17.572770911710364,17.699737548828125,13402066,0.0,0.0
2005-12-27 00:00:00-05:00,17.715612130097952,17.842577002457656,17.24346089291715,17.358522415161133,19295496,0.0,0.0
2005-12-28 00:00:00-05:00,17.505323500128217,17.695771684812325,17.422003655515056,17.604515075683594,19018930,0.0,0.0
2005-12-29 00:00:00-05:00,17.57674390762252,17.707677162717182,17.318845780168154,17.358522415161133,16240198,0.0,0.0
2005-12-30 00:00:00-05:00,17.366454874644216,17.497388110830748,17.14823341369629,17.14823341369629,20437402,0.0,0.0
2006-01-03 00:00:00-05:00,17.342647758747844,17.7473489658758,16.862559886804267,17.640220642089844,36118526,0.0,0.0
2006-01-04 00:00:00-05:00,17.73942371113064,17.81480861912295,17.422010543854174,17.660070419311523,30411850,0.0,0.0
2006-01-05 00:00:00-05:00,17.74338087987058,18.24727545396022,17.74338087987058,18.203630447387695,35591530,0.0,0.0
2006-01-06 00:00:00-05:00,18.39011582588429,18.616272296805533,18.243312628836417,18.509145736694336,36684014,0.0,0.0
2006-01-09 00:00:00-05:00,18.469464464805917,18.588494345745158,18.2591779821955,18.485334396362305,24833714,0.0,0.0
2006-01-10 00:00:00-05:00,18.33059730121567,18.421853908018743,18.096505908106316,18.302824020385742,23295492,0.0,0.0
2006-01-11 00:00:00-05:00,18.187759617333462,18.2075979307397,17.906056645818204,18.001279830932617,22923648,0.0,0.0
2006-01-12 00:00:00-05:00,17.9298628481165,18.072699434273567,17.667998170947083,17.79099464416504,21292762,0.0,0.0
2006-01-13 00:00:00-05:00,17.858441549967644,18.243304394932224,17.85447316882937,18.239336013793945,23435914,0.0,0.0
2006-01-17 00:00:00-05:00,18.167920491397812,18.31075524854496,17.87827899957997,18.017148971557617,25724952,0.0,0.0
2006-01-18 00:00:00-05:00,17.616418155774387,18.120310992295167,17.60054822316306,17.63228988647461,63631418,0.0,0.0
2006-01-19 00:00:00-05:00,18.108408763893127,18.989231434349843,18.025088915396555,18.55675506591797,110318868,0.0,0.0
2006-01-20 00:00:00-05:00,18.548817476527628,18.632139111332474,17.74338159973958,17.842573165893555,64087373,0.0,0.0
2006-01-23 00:00:00-05:00,17.87431865395352,17.961606891241544,17.239492494638238,17.33868408203125,42763961,0.0,0.0
2006-01-24 00:00:00-05:00,17.425966419393077,17.71560611613491,17.378354833182158,17.564834594726562,26810784,0.0,0.0
2006-01-25 00:00:00-05:00,17.675933443293964,17.75528670406865,17.1680722147182,17.239490509033203,28738908,0.0,0.0
2006-01-26 00:00:00-05:00,17.505319967828036,17.556899936326587,17.259325269706377,17.47754669189453,24650050,0.0,0.0
2006-01-27 00:00:00-05:00,17.39026188419547,17.711643306243356,17.346616871985393,17.485485076904297,22129114,0.0,0.0
2006-01-30 00:00:00-05:00,17.25932991533509,17.552938077616236,16.99349683455213,17.096656799316406,28348531,0.0,0.0
2006-01-31 00:00:00-05:00,17.060945547027988,17.183942021472344,16.799079069158594,17.100622177124023,33273266,0.0,0.0
2006-02-01 00:00:00-05:00,16.866531492764985,17.09665631668111,16.834789827726727,17.005399703979492,28340453,0.0,0.0
2006-02-02 00:00:00-05:00,16.997464033983334,17.001432416652097,16.45389630135282,16.497539520263672,36088589,0.0,0.0
2006-02-03 00:00:00-05:00,16.2753511241148,16.497539193109965,16.029354557668288,16.100772857666016,37155175,0.0,0.0
2006-02-06 00:00:00-05:00,16.267411802018053,16.303121845448537,16.116642056718646,16.176156997680664,23304046,0.0,0.0
2006-02-07 00:00:00-05:00,16.172189967095825,16.184091517811712,15.672263702004505,15.842873573303223,39617186,0.0,0.0
2006-02-08 00:00:00-05:00,15.878578103134585,16.112671247845782,15.696066723861057,16.065059661865234,30930530,0.0,0.0
2006-02-09 00:00:00-05:00,16.12060886094356,16.33883031412042,15.644489326739505,15.684165954589844,31945795,0.0,0.0
2006-02-10 00:00:00-05:00,15.763519210290518,15.827002534086587,15.315172955963938,15.684165954589844,36004241,0.0,0.0
2006-02-13 00:00:00-05:00,15.501653764050364,15.731776755513101,15.42230051234908,15.700035095214844,21309394,0.0,0.0
2006-02-14 00:00:00-05:00,15.71193986784903,16.057124346852277,15.68416479194167,15.870644569396973,28267034,0.0,0.0
2006-02-15 00:00:00-05:00,15.906353935208232,16.235668469499014,15.81113075870536,16.128541946411133,27883073,0.0,0.0
2006-02-16 00:00:00-05:00,16.132512261216466,16.64434004290959,16.128543879183038,16.572921752929688,34208698,0.0,0.0
2006-02-17 00:00:00-05:00,16.541179209418704,16.584824217105176,16.338829496362866,16.390409469604492,19360836,0.0,0.0
2006-02-21 00:00:00-05:00,16.40628030746507,16.497536911614837,16.07299735101851,16.188058853149414,21140935,0.0,0.0
2006-02-22 00:00:00-05:00,16.29518929049899,16.438024091087147,16.080934392483165,16.406282424926758,19927750,0.0,0.0
2006-02-23 00:00:00-05:00,16.36263204947369,16.576886877308496,16.23963560576319,16.358665466308594,20950380,0.0,0.0
2006-02-24 00:00:00-05:00,16.311052801530085,16.46579089075639,16.132508022535877,16.461822509765625,18654689,0.0,0.0
2006-02-27 00:00:00-05:00,16.36263588349095,16.537214132050323,16.2753494563446,16.378507614135742,19590358,0.0,0.0
2006-02-28 00:00:00-05:00,16.26741752576457,16.279320877762967,15.55323798293386,15.894457817077637,48788546,0.0,0.0
2006-03-01 00:00:00-05:00,15.858745845014564,15.989677292064187,15.680201001122528,15.830970764160156,25215775,0.0,0.0
2006-03-02 00:00:00-05:00,15.783358875005192,16.017452078209907,15.680200712619003,15.957935333251953,31351320,0.0,0.0
2006-03-03 00:00:00-05:00,15.969835040185245,16.35073133251565,15.946030145719947,16.01744842529297,29702614,0.0,0.0
2006-03-06 00:00:00-05:00,16.017452192529902,16.09680545558824,15.719875657972146,15.795262336730957,18816019,0.0,0.0
2006-03-07 00:00:00-05:00,15.680203977347404,15.807168864151752,15.38262918104533,15.446110725402832,26355305,0.0,0.0
2006-03-08 00:00:00-05:00,15.382626124820183,15.42230275644416,14.664479272235095,15.208047866821289,55192579,0.0,0.0
2006-03-09 00:00:00-05:00,15.251692853357305,15.39849603048366,14.934279800937516,14.946182250976562,24615835,0.0,0.0
2006-03-10 00:00:00-05:00,14.902536705568838,15.263592939184822,14.680347770012016,15.017599105834961,24628190,0.0,0.0
2006-03-13 00:00:00-05:00,14.910471136969171,15.11679103231194,14.743830565081018,15.029501914978027,26257176,0.0,0.0
2006-03-14 00:00:00-05:00,14.99379457252119,15.600847387776456,14.954117941433774,15.596879005432129,25892698,0.0,0.0
2006-03-15 00:00:00-05:00,15.596878680744641,15.656393626136817,15.362785483348732,15.521492004394531,23297155,0.0,0.0
2006-03-16 00:00:00-05:00,15.596877539041746,15.648457514223724,15.219949579149377,15.223917961120605,31188326,0.0,0.0
2006-03-17 00:00:00-05:00,15.295335354942953,15.319142051998295,15.013632362928877,15.164403915405273,28195992,0.0,0.0
2006-03-20 00:00:00-05:00,15.215979597647616,15.44213599019132,15.180271356015465,15.235817909240723,17377589,0.0,0.0
2006-03-21 00:00:00-05:00,15.045373916625978,15.505622665480075,14.997762318106226,15.045373916625977,20938738,0.0,0.0
2006-03-22 00:00:00-05:00,14.954116145158315,15.28343070515572,14.926341967306643,15.029501914978027,25358573,0.0,0.0
2006-03-23 00:00:00-05:00,15.04537005345913,15.04537005345913,14.759698737602822,14.82318115234375,30764448,0.0,0.0
2006-03-24 00:00:00-05:00,15.037437274432408,15.156467163630554,14.727961000988351,14.799378395080566,29019751,0.0,0.0
2006-03-27 00:00:00-05:00,14.858892323071018,14.918407263598226,14.716055746570206,14.739862442016602,20312186,0.0,0.0
2006-03-28 00:00:00-05:00,14.700185216965448,15.493716826001377,14.652572727054018,15.422300338745117,54532289,0.0,0.0
2006-03-29 00:00:00-05:00,15.390558860176888,15.78335673707014,15.338978886926075,15.600845336914062,34997292,0.0,0.0
2006-03-30 00:00:00-05:00,15.612750290654459,15.727813609625525,15.374692281603728,15.588945388793945,23259139,0.0,0.0
2006-03-31 00:00:00-05:00,15.664326060891694,15.711939447981266,15.434201282950433,15.473877906799316,17340286,0.0,0.0
2006-04-03 00:00:00-04:00,15.588941194814266,15.636552783815201,15.442136248102482,15.473877906799316,19546639,0.0,0.0
2006-04-04 00:00:00-04:00,15.477849397265413,15.69210248984833,15.434204383029746,15.632589340209961,18589111,0.0,0.0
2006-04-05 00:00:00-04:00,15.600846696215893,15.668296606456762,15.227885301673581,15.287400245666504,38290428,0.0,0.0
2006-04-06 00:00:00-04:00,15.291367378978032,15.636553666327595,15.208045744957325,15.394525527954102,25034724,0.0,0.0
2006-04-07 00:00:00-04:00,15.485781756292523,15.497685103451339,15.112822199240929,15.180272102355957,26585302,0.0,0.0
2006-04-10 00:00:00-04:00,15.200110750263017,15.263592273029378,14.954116028604801,15.112822532653809,20593742,0.0,0.0
2006-04-11 00:00:00-04:00,15.192174374325706,15.315170824692174,15.07711198976302,15.20407772064209,21589524,0.0,0.0
2006-04-12 00:00:00-04:00,15.164403897661925,15.362785247839085,15.160435515461044,15.263593673706055,13355258,0.0,0.0
2006-04-13 00:00:00-04:00,15.295336992543078,15.434205211359773,15.196147205763102,15.311208724975586,17850413,0.0,0.0
2006-04-17 00:00:00-04:00,15.239787500385521,15.430235666413054,14.922375388746921,15.08901596069336,16845840,0.0,0.0
2006-04-18 00:00:00-04:00,15.156464325278218,15.465942338855205,15.033467874993697,15.426265716552734,23665198,0.0,0.0
2006-04-19 00:00:00-04:00,15.739710475148135,16.195991584187304,15.711937202041685,16.009510040283203,62456962,0.0,0.0
2006-04-20 00:00:00-04:00,15.021567709109844,15.473880579888023,14.557351489502988,14.589092254638672,112863089,0.0,0.0
2006-04-21 00:00:00-04:00,14.72002556140047,14.727961427003235,13.827301366591808,13.922526359558105,136207289,0.0,0.0
2006-04-24 00:00:00-04:00,13.799527170654754,13.93045950446173,13.77572137351207,13.859041213989258,56314526,0.0,0.0
2006-04-25 00:00:00-04:00,13.93045821373231,13.958232390362369,13.569401109896228,13.684463500976562,51161695,0.0,0.0
2006-04-26 00:00:00-04:00,13.708270488538504,13.767784527633294,13.517822326875507,13.577337265014648,54117202,0.0,0.0
2006-04-27 00:00:00-04:00,13.49798495479654,13.823332946345303,13.327375093957297,13.779688835144043,60799702,0.0,0.0
2006-04-28 00:00:00-04:00,13.779687139039405,13.942361114790685,13.636851474941801,13.652721405029297,35666374,0.0,0.0
2006-05-01 00:00:00-04:00,13.696368086648167,13.783656308992672,13.513855776899575,13.617013931274414,32514134,0.0,0.0
2006-05-02 00:00:00-04:00,13.688431087113905,13.807461860787251,13.64875446223757,13.783655166625977,25794094,0.0,0.0
2006-05-03 00:00:00-04:00,13.7677854753662,13.886816258882561,13.41466420400163,13.557499885559082,29482596,0.0,0.0
2006-05-04 00:00:00-04:00,13.517824388547417,13.787624943166902,13.462276924670187,13.533695220947266,45622289,0.0,0.0
2006-05-05 00:00:00-04:00,13.577338122258608,13.609078885176915,12.70048482478814,12.851256370544434,129535243,0.0,0.0
2006-05-08 00:00:00-04:00,12.914738731589262,13.093283556397099,12.339427629430675,12.426715850830078,125894261,0.0,0.0
2006-05-09 00:00:00-04:00,12.525907826132764,12.886965869459372,12.426716253580276,12.640970230102539,82334340,0.0,0.0
2006-05-10 00:00:00-04:00,12.70445232941436,12.986157107441237,12.696516464387956,12.930608749389648,47716495,0.0,0.0
2006-05-11 00:00:00-04:00,12.958381171880076,13.009960241860194,12.617161498108059,12.704450607299805,35543772,0.0,0.0
2006-05-12 00:00:00-04:00,12.621132183828651,12.831417782682461,12.482263979303804,12.49416732788086,38707178,0.0,0.0
2006-05-15 00:00:00-04:00,12.430684053432918,12.63700306902619,12.26007508372183,12.391007423400879,38000318,0.0,0.0
2006-05-16 00:00:00-04:00,12.410845439321484,12.549714540131397,11.982338384728967,12.014080047607422,54905558,0.0,0.0
2006-05-17 00:00:00-04:00,11.950597740319093,12.085497561289507,11.63318380549589,11.70857048034668,76685400,0.0,0.0
2006-05-18 00:00:00-04:00,11.748245599605035,11.89504876139791,11.52605666592755,11.760148048400879,50277110,0.0,0.0
2006-05-19 00:00:00-04:00,11.867275357235048,11.906951984226762,11.59747483311803,11.783954620361328,68363698,0.0,0.0
2006-05-22 00:00:00-04:00,11.597476336852441,11.84347109647911,11.454639741926501,11.811729431152344,48163658,0.0,0.0
2006-05-23 00:00:00-04:00,11.93869288401462,12.204526827350087,11.875210459904974,11.922822952270508,52594898,0.0,0.0
2006-05-24 00:00:00-04:00,11.990271008959043,12.152944976587287,11.680793002997595,11.982336044311523,52105205,0.0,0.0
2006-05-25 00:00:00-04:00,13.013930137214398,13.490048765001418,12.744129611436568,13.442437171936035,132070435,0.0,0.0
2006-05-26 00:00:00-04:00,13.648754993871396,13.732075729548265,13.355148677585705,13.569401741027832,61320758,0.0,0.0
2006-05-30 00:00:00-04:00,13.497986729066755,13.529728395409702,13.132961162301008,13.176606178283691,45714240,0.0,0.0
2006-05-31 00:00:00-04:00,13.1805716641238,13.220249193267488,12.843321207324813,13.017898559570312,48151303,0.0,0.0
2006-06-01 00:00:00-04:00,13.021862900949646,13.132956898996849,12.894897175838818,13.125021934509277,29785298,0.0,0.0
2006-06-02 00:00:00-04:00,13.244054435790932,13.25595688408662,12.716354054773335,12.946478843688965,32906412,0.0,0.0
2006-06-05 00:00:00-04:00,12.823481978622572,12.930608512640113,12.720322927523387,12.894899368286133,30211790,0.0,0.0
2006-06-06 00:00:00-04:00,13.002028677768957,13.065512009801964,12.46242664880007,12.533844947814941,49805950,0.0,0.0
2006-06-07 00:00:00-04:00,12.510037013113136,12.978221595867184,12.502102046915041,12.660808563232422,35796816,0.0,0.0
2006-06-08 00:00:00-04:00,12.62509900592019,12.728258957401033,12.014079657241133,12.387040138244629,52889047,0.0,0.0
2006-06-09 00:00:00-04:00,12.33942810430142,12.454489609925641,12.04185338483649,12.133109092712402,32652418,0.0,0.0
2006-06-12 00:00:00-04:00,12.1886548415786,12.343393853775995,11.922821822477566,11.946627616882324,25247138,0.0,0.0
2006-06-13 00:00:00-04:00,11.950596166591657,12.375134787377684,11.946627784931447,12.105334281921387,44181245,0.0,0.0
2006-06-14 00:00:00-04:00,12.121204223968777,12.323554813006876,12.014077705961624,12.164848327636719,29343125,0.0,0.0
2006-06-15 00:00:00-04:00,12.18865450500863,12.291814442987842,11.918854010797627,12.196589469909668,55361038,0.0,0.0
2006-06-16 00:00:00-04:00,12.248171439919387,12.252138923018085,11.942661755653116,12.014080047607422,33508253,0.0,0.0
2006-06-19 00:00:00-04:00,12.0696249705105,12.220396500147821,11.906950993192957,11.946627616882324,33327677,0.0,0.0
2006-06-20 00:00:00-04:00,11.93075851308947,12.10136837924601,11.875211052081914,11.97043514251709,23484384,0.0,0.0
2006-06-21 00:00:00-04:00,11.974400563193461,12.260072785295117,11.942659804545025,12.196589469909668,34020518,0.0,0.0
2006-06-22 00:00:00-04:00,12.105335037923721,12.216429053328126,11.887114489978575,11.906951904296875,26455810,0.0,0.0
2006-06-23 00:00:00-04:00,12.006142708591687,12.018045156426735,11.831565382278715,11.902983665466309,33363792,0.0,0.0
2006-06-26 00:00:00-04:00,11.895049254708878,11.942661749000036,11.744278603731303,11.791891098022461,24420290,0.0,0.0
2006-06-27 00:00:00-04:00,11.783956084431201,11.81966523296922,11.188806605612553,11.208645820617676,57970123,0.0,0.0
2006-06-28 00:00:00-04:00,11.252290093089952,11.48241493945196,11.20071100617749,11.407029151916504,28433117,0.0,0.0
2006-06-29 00:00:00-04:00,11.561767215638305,11.64508796351374,11.280063306609689,11.609378814697266,46391400,0.0,0.0
2006-06-30 00:00:00-04:00,11.724439720896536,11.764116348027075,11.502249889730008,11.621280670166016,34541813,0.0,0.0
2006-07-03 00:00:00-04:00,11.684764778539465,11.696667228968153,11.549864946080552,11.585573196411133,10184962,0.0,0.0
2006-07-05 00:00:00-04:00,11.537958247254709,11.55382907683367,11.244351945743428,11.252286911010742,30958092,0.0,0.0
2006-07-06 00:00:00-04:00,11.268158294451887,11.284029124810944,10.641268137146314,10.653170585632324,101202156,0.0,0.0
2006-07-07 00:00:00-04:00,10.609527949963834,10.83171690871688,10.542078035375328,10.56191635131836,62849714,0.0,0.0
2006-07-10 00:00:00-04:00,10.680944318636428,10.724589328740736,10.569850299488003,10.704751014709473,38266193,0.0,0.0
2006-07-11 00:00:00-04:00,10.724589294248887,11.081678945663162,10.601591927459518,11.030099868774414,57318624,0.0,0.0
2006-07-12 00:00:00-04:00,10.958681911763309,11.093582630648768,10.684912990887263,10.799975395202637,41127372,0.0,0.0
2006-07-13 00:00:00-04:00,10.712685825500984,10.82774822502419,10.54207686673052,10.54604434967041,33604006,0.0,0.0
2006-07-14 00:00:00-04:00,10.550009446922555,10.593654446525042,10.117534125293984,10.149275779724121,60015384,0.0,0.0
2006-07-17 00:00:00-04:00,10.145311838209807,10.5817538951472,10.117537656129707,10.53810977935791,46180411,0.0,0.0
2006-07-18 00:00:00-04:00,10.502399143307386,10.712685624667655,10.216727790369267,10.55001163482666,39025800,0.0,0.0
2006-07-19 00:00:00-04:00,10.32782360284991,10.621430846091895,10.157214632443845,10.28814697265625,87950966,0.0,0.0
2006-07-20 00:00:00-04:00,10.788072272955834,10.80791058794172,9.780286590908394,9.78425407409668,100084248,0.0,0.0
2006-07-21 00:00:00-04:00,9.724738659924633,9.851704409134934,9.649352886806705,9.712835311889648,50489525,0.0,0.0
2006-07-24 00:00:00-04:00,9.80012373975305,10.01040931415436,9.542225675624469,9.970732688903809,52569238,0.0,0.0
2006-07-25 00:00:00-04:00,10.129440395233312,10.157214575640227,9.720771645950736,9.78425407409668,45037318,0.0,0.0
2006-07-26 00:00:00-04:00,9.716803786518907,9.760447902027185,9.534291458637792,9.692998886108398,47538533,0.0,0.0
2006-07-27 00:00:00-04:00,9.732671912984717,9.847734293909253,9.387485669255362,9.403355598449707,46324397,0.0,0.0
2006-07-28 00:00:00-04:00,9.443035744219488,9.70886971875991,9.288296699195138,9.692998886108398,53134488,0.0,0.0
2006-07-31 00:00:00-04:00,9.609674384826153,9.677125178797205,9.387485490841323,9.550159454345703,51436361,0.0,0.0
2006-08-01 00:00:00-04:00,9.431132680367906,9.506518463460475,9.324005231011771,9.38352108001709,30443926,0.0,0.0
2006-08-02 00:00:00-04:00,9.411293363429383,9.435100060119016,9.070074533063094,9.121654510498047,59861894,0.0,0.0
2006-08-03 00:00:00-04:00,9.081974974948473,9.657286868637055,9.05817008160938,9.550159454345703,53625132,0.0,0.0
2006-08-04 00:00:00-04:00,9.740609028707937,10.030248759399573,9.534290033173885,9.601740837097168,47399537,0.0,0.0
2006-08-07 00:00:00-04:00,9.601740400263159,9.669190302073416,9.474774662854463,9.569998741149902,24033240,0.0,0.0
2006-08-08 00:00:00-04:00,9.589838772111511,10.02628171839819,9.566032973032044,9.978670120239258,59793228,0.0,0.0
2006-08-09 00:00:00-04:00,10.117539416463217,10.165151923008331,9.724741406972853,9.75648307800293,43582730,0.0,0.0
2006-08-10 00:00:00-04:00,9.72077111367329,9.899315938769735,9.696964417758238,9.855670928955078,21318422,0.0,0.0
2006-08-11 00:00:00-04:00,9.899315533405957,9.91915384649321,9.53032344940968,9.601740837097168,36236376,0.0,0.0
2006-08-14 00:00:00-04:00,9.752511477133666,9.8517039416143,9.601740837097168,9.601740837097168,30082298,0.0,0.0
2006-08-15 00:00:00-04:00,9.756481432222447,9.907252096570764,9.43113250570226,9.89138126373291,53705441,0.0,0.0
2006-08-16 00:00:00-04:00,9.950895746058036,10.284178694693404,9.91915408473829,10.244502067565918,50207018,0.0,0.0
2006-08-17 00:00:00-04:00,10.2881459623163,11.014228583173661,10.212760192542657,10.978519439697266,86749423,0.0,0.0
2006-08-18 00:00:00-04:00,10.982486137497911,11.006291931765764,10.68094307995742,10.81187629699707,44204767,0.0,0.0
2006-08-21 00:00:00-04:00,10.748394828595693,10.792038938448908,10.553979176655677,10.609526634216309,33351437,0.0,0.0
2006-08-22 00:00:00-04:00,10.653170466803754,11.069775039099108,10.609526358086447,10.879327774047852,49277290,0.0,0.0
2006-08-23 00:00:00-04:00,10.891230404708631,11.018195250201392,10.613494917573766,10.712685585021973,28714910,0.0,0.0
2006-08-24 00:00:00-04:00,10.470658260119047,10.534140682365422,10.16514859734591,10.228631019592285,49580942,0.0,0.0
2006-08-25 00:00:00-04:00,10.17705424201469,10.23260081211551,10.018346802008733,10.038185119628906,34050931,0.0,0.0
2006-08-28 00:00:00-04:00,10.307983112341548,10.375433009818265,10.173083317388116,10.232597351074219,42458170,0.0,0.0
2006-08-29 00:00:00-04:00,10.311951567151098,10.883295155050325,10.177051759476361,10.780136108398438,63492660,0.0,0.0
2006-08-30 00:00:00-04:00,10.851555230029383,11.319738908301154,10.716653613873136,11.287997245788574,68154372,0.0,0.0
2006-08-31 00:00:00-04:00,11.315770768671403,11.331640699962442,10.712685509236298,11.038033485412598,71819114,0.0,0.0
2006-09-01 00:00:00-04:00,11.053907676918815,11.216581714471394,11.022166905640919,11.168970108032227,41186534,0.0,0.0
2006-09-05 00:00:00-04:00,11.07771213045178,11.498284232105462,11.069776264959769,11.379254341125488,46715249,0.0,0.0
2006-09-06 00:00:00-04:00,11.291965451493802,11.418931210625123,11.133258926863013,11.192774772644043,42254784,0.0,0.0
2006-09-07 00:00:00-04:00,11.113420857119019,11.168967418239367,10.907101847799042,10.922972679138184,50499742,0.0,0.0
2006-09-08 00:00:00-04:00,10.99439073919597,11.37131870510471,10.958681594195733,11.311802864074707,48219257,0.0,0.0
2006-09-11 00:00:00-04:00,11.137225907085194,11.248319920913794,11.018195129553085,11.141193389892578,34573651,0.0,0.0
2006-09-12 00:00:00-04:00,11.125323248261566,11.37925385122892,11.049937474077511,11.287997245788574,35917042,0.0,0.0
2006-09-13 00:00:00-04:00,11.295931069983208,11.347511041590797,11.034065527382042,11.109451293945312,38367173,0.0,0.0
2006-09-14 00:00:00-04:00,11.125323152360643,11.303867979604874,10.950746707179595,11.129291534423828,27031990,0.0,0.0
2006-09-15 00:00:00-04:00,11.232448586909712,11.268157728663496,10.926938938776479,11.049936294555664,68358470,0.0,0.0
2006-09-18 00:00:00-04:00,11.026131258039506,11.097549546458755,10.51430348753099,10.649203300476074,41532718,0.0,0.0
2006-09-19 00:00:00-04:00,10.712687136236983,10.752363768579261,10.117537651102817,10.296082496643066,65668838,0.0,0.0
2006-09-20 00:00:00-04:00,10.395270575515905,10.411141402915117,10.149275897482843,10.371465682983398,43935091,0.0,0.0
2006-09-21 00:00:00-04:00,10.411143441353694,10.534140804452361,10.300049425896093,10.347661018371582,36332366,0.0,0.0
2006-09-22 00:00:00-04:00,10.347662331082331,10.506368858193413,10.284179900046798,10.359564781188965,32052478,0.0,0.0
2006-09-25 00:00:00-04:00,10.403209686279295,10.43495135098643,10.236568194178066,10.403209686279297,32473980,0.0,0.0
2006-09-26 00:00:00-04:00,10.724588851586011,10.990421888159815,10.676977259647066,10.978519439697266,53097185,0.0,0.0
2006-09-27 00:00:00-04:00,10.958682789579171,10.97852110573835,10.569851433241459,10.760298728942871,35341812,0.0,0.0
2006-09-28 00:00:00-04:00,10.81584501386667,11.272126197814941,10.720620934799035,11.272126197814941,52145597,0.0,0.0
2006-09-29 00:00:00-04:00,11.248319428377085,11.410993408711686,11.097548794987787,11.252286911010742,45860364,0.0,0.0
2006-10-02 00:00:00-04:00,11.2681601615317,11.284030994520478,10.867426348548813,10.899168014526367,30126017,0.0,0.0
2006-10-03 00:00:00-04:00,10.919004448998617,11.280061566799917,10.712685453794752,11.180869102478027,34474334,0.0,0.0
2006-10-04 00:00:00-04:00,11.276094416367325,11.883147221777136,11.248321134674365,11.863308906555176,72995947,0.0,0.0
2006-10-05 00:00:00-04:00,11.902982718107017,12.129139997504966,11.839500304239685,12.085494995117188,48864816,0.0,0.0
2006-10-06 00:00:00-04:00,11.962499523820842,11.998208668167031,11.653021471546408,11.660957336425781,40693039,0.0,0.0
2006-10-09 00:00:00-04:00,11.708571776233645,11.88711662862027,11.645088442816098,11.70063591003418,24408173,0.0,0.0
2006-10-10 00:00:00-04:00,11.779987494995675,11.779987494995675,11.54192772582024,11.736343383789062,28401041,0.0,0.0
2006-10-11 00:00:00-04:00,11.744277753713048,11.748245236522381,11.395123083693148,11.545894622802734,20997187,0.0,0.0
2006-10-12 00:00:00-04:00,11.597474229573484,11.803792319575631,11.486379320160426,11.776018142700195,23314738,0.0,0.0
2006-10-13 00:00:00-04:00,11.79982547059432,11.926790317561235,11.656989792995441,11.803792953491211,23932260,0.0,0.0
2006-10-16 00:00:00-04:00,11.787920966812445,11.82759758997905,11.545893745305012,11.565732955932617,32088355,0.0,0.0
2006-10-17 00:00:00-04:00,11.482414395274956,11.553831796625563,11.30783702689924,11.41893196105957,44305272,0.0,0.0
2006-10-18 00:00:00-04:00,11.553829544661538,11.645086144152398,11.22848157081862,11.30386734008789,58845679,0.0,0.0
2006-10-19 00:00:00-04:00,11.557797784036671,12.160882132668378,11.518120259449589,12.097399711608887,83705530,0.0,0.0
2006-10-20 00:00:00-04:00,12.137076337151614,12.275944526551157,11.910919032131456,12.097399711608887,37227881,0.0,0.0
2006-10-23 00:00:00-04:00,11.978370319088842,12.676678777054237,11.966466971327206,12.593358039855957,55313280,0.0,0.0
2006-10-24 00:00:00-04:00,12.597327279552283,12.85522539196881,12.363234966934533,12.414814949035645,43151724,0.0,0.0
2006-10-25 00:00:00-04:00,12.434650926522655,12.771902240863993,12.430682544765514,12.72825813293457,35831030,0.0,0.0
2006-10-26 00:00:00-04:00,12.73619239231454,13.11312031097707,12.692548286804582,13.005992889404297,36911398,0.0,0.0
2006-10-27 00:00:00-04:00,12.966317130835154,13.240086027713888,12.633033295462974,12.724289894104004,33863465,0.0,0.0
2006-10-30 00:00:00-05:00,12.748096361391108,13.089315180256863,12.70842063268265,12.791741371154785,33834240,0.0,0.0
2006-10-31 00:00:00-05:00,12.83538462705978,12.859189523272846,12.521939108878195,12.748095512390137,27190231,0.0,0.0
2006-11-01 00:00:00-05:00,12.771903865151492,12.942512835853854,12.387040911222373,12.47036075592041,29757024,0.0,0.0
2006-11-02 00:00:00-05:00,12.406876684586168,12.938542740474162,12.37116844131335,12.91076946258545,37427465,0.0,0.0
2006-11-03 00:00:00-05:00,13.025832814206153,13.025832814206153,12.712387273740852,12.851256370544434,24529111,0.0,0.0
2006-11-06 00:00:00-05:00,12.94251296182303,13.232151826132142,12.918707163242681,12.99409294128418,29083428,0.0,0.0
2006-11-07 00:00:00-05:00,12.982187603567588,13.216278969296178,12.871093594197687,12.914737701416016,39387902,0.0,0.0
2006-11-08 00:00:00-05:00,12.771903618329679,13.20437816059836,12.656841212982965,13.021865844726562,34926250,0.0,0.0
2006-11-09 00:00:00-05:00,13.136929445132466,13.192476911288601,12.779839747186,12.81554889678955,32026817,0.0,0.0
2006-11-10 00:00:00-05:00,12.87506197197752,13.13296006762251,12.83538624092275,13.017898559570312,31642142,0.0,0.0
2006-11-13 00:00:00-05:00,13.06551116312485,13.29166759694224,12.922674574351268,12.97425365447998,35484372,0.0,0.0
2006-11-14 00:00:00-05:00,13.02980253450029,13.16866984747784,12.982190036666026,13.10518741607666,39077834,0.0,0.0
2006-11-15 00:00:00-05:00,13.125023435880916,13.486081443207423,13.11312098778804,13.458307266235352,45043020,0.0,0.0
2006-11-16 00:00:00-05:00,13.446405753585086,13.458309102346279,13.19644262195582,13.216280937194824,43068089,0.0,0.0
2006-11-17 00:00:00-05:00,13.466243724936405,13.466243724936405,13.172637386132514,13.38689136505127,37652472,0.0,0.0
2006-11-20 00:00:00-05:00,13.418631646247766,13.442437443260959,13.113121969982231,13.15279769897461,27202824,0.0,0.0
2006-11-21 00:00:00-05:00,13.267858448856012,13.410694112203155,13.19644016766029,13.351180076599121,29618978,0.0,0.0
2006-11-22 00:00:00-05:00,13.40672822490616,13.470211548653408,13.291666723464191,13.438469886779785,20246134,0.0,0.0
2006-11-24 00:00:00-05:00,13.244053588651989,13.458306634713557,13.228182759561868,13.24802017211914,15977887,0.0,0.0
2006-11-27 00:00:00-05:00,13.228185169103464,13.303570047685518,12.720323939977435,12.75206470489502,35188322,0.0,0.0
2006-11-28 00:00:00-05:00,12.676677331083148,12.767933023683801,12.577485774531816,12.704450607299805,36568541,0.0,0.0
2006-11-29 00:00:00-05:00,12.855223220152226,12.867125668518504,12.557648525329778,12.823481559753418,26897983,0.0,0.0
2006-11-30 00:00:00-05:00,12.744128814268953,13.013929323170288,12.696515426093079,12.831416130065918,30077309,0.0,0.0
2006-12-01 00:00:00-05:00,13.021863772053699,13.021863772053699,12.391005283674476,12.498132705688477,37288469,0.0,0.0
2006-12-04 00:00:00-05:00,12.573518356969526,12.8829963967532,12.553680044138376,12.724289894104004,29780309,0.0,0.0
2006-12-05 00:00:00-05:00,12.77587120637209,12.934577725658423,12.696517047684468,12.918706893920898,28019930,0.0,0.0
2006-12-06 00:00:00-05:00,12.795705607048431,12.795705607048431,12.609225850447006,12.759997367858887,23779721,0.0,0.0
2006-12-07 00:00:00-05:00,12.791740790602278,12.811578204533983,12.39894201386719,12.418780326843262,28258006,0.0,0.0
2006-12-08 00:00:00-05:00,12.597325127387231,12.815546569842683,12.402909480663501,12.601292610168457,41887217,0.0,0.0
2006-12-11 00:00:00-05:00,12.672712109765005,12.831417729519977,12.569552153309818,12.656841278076172,27524534,0.0,0.0
2006-12-12 00:00:00-05:00,12.672712416119587,12.676679899376595,12.502102544668045,12.60922908782959,28411495,0.0,0.0
2006-12-13 00:00:00-05:00,12.775869892429219,13.025832095170992,12.637001702335667,12.946478843688965,58936205,0.0,0.0
2006-12-14 00:00:00-05:00,12.954414402955564,13.093283498458225,12.795707892717555,12.934576988220215,39036017,0.0,0.0
2006-12-15 00:00:00-05:00,13.081380825790069,13.180571500764316,12.974253386423207,13.061542510986328,51178565,0.0,0.0
2006-12-18 00:00:00-05:00,13.148828599465636,13.148828599465636,12.728257472833857,12.863157272338867,34564860,0.0,0.0
2006-12-19 00:00:00-05:00,12.767933824945372,12.875060353125903,12.648903949613961,12.748095512390137,42528974,0.0,0.0
2006-12-20 00:00:00-05:00,12.67667737605094,12.875059590813033,12.553679126255545,12.561614990234375,31330174,0.0,0.0
2006-12-21 00:00:00-05:00,12.716355298444597,12.716355298444597,12.180720798555354,12.2521390914917,45137347,0.0,0.0
2006-12-22 00:00:00-05:00,12.355296058245967,12.355296058245967,11.986303132430747,11.990270614624023,33340982,0.0,0.0
2006-12-26 00:00:00-05:00,11.982337650506532,12.152946605651893,11.942661023861882,12.029950141906738,19455638,0.0,0.0
2006-12-27 00:00:00-05:00,12.077561025489535,12.192623415815444,11.994240294234334,12.12517261505127,30869467,0.0,0.0
2006-12-28 00:00:00-05:00,12.061691047290054,12.105335157309513,11.970434445303956,12.025981903076172,19282666,0.0,0.0
2006-12-29 00:00:00-05:00,11.970435105562455,12.014080117033654,11.910920161604759,11.930758476257324,28716811,0.0,0.0
2007-01-03 00:00:00-05:00,12.045820918238455,12.29181656011636,11.748246197531312,11.97043514251709,45536990,0.0,0.0
2007-01-04 00:00:00-05:00,12.093434501341973,12.59335989731249,12.085498635315583,12.533844947814941,44570196,0.0,0.0
2007-01-05 00:00:00-05:00,12.359267525049434,12.498136649040902,12.121208609899368,12.212464332580566,40998593,0.0,0.0
2007-01-08 00:00:00-05:00,12.089464288579764,12.307686636078579,11.60937728178891,11.783954620361328,65810686,0.0,0.0
2007-01-09 00:00:00-05:00,11.823631267020067,11.883146207606632,11.66889224168612,11.803792953491211,38138364,0.0,0.0
2007-01-10 00:00:00-05:00,11.704600248049488,11.795855941984673,11.57763541342475,11.62524700164795,55949810,0.0,0.0
2007-01-11 00:00:00-05:00,11.77998773799117,12.105335736291051,11.748246075161918,11.994241714477539,53479958,0.0,0.0
2007-01-12 00:00:00-05:00,11.994240260756639,12.07359261012327,11.875209489095877,11.902983665466309,39613385,0.0,0.0
2007-01-16 00:00:00-05:00,11.93869021633882,11.974399352872737,11.87917618750789,11.918852806091309,30471487,0.0,0.0
2007-01-17 00:00:00-05:00,11.895048734779952,12.093432770421817,11.875210421120205,11.883146286010742,43604352,0.0,0.0
2007-01-18 00:00:00-05:00,11.879179447651094,12.049789313999954,11.664925468691544,11.70857048034668,43153387,0.0,0.0
2007-01-19 00:00:00-05:00,11.656992392303636,11.8990196915147,11.645089041914323,11.768086433410645,59332759,0.0,0.0
2007-01-22 00:00:00-05:00,11.863308283413911,11.910919877827949,11.533991908409487,11.633183479309082,46486440,0.0,0.0
2007-01-23 00:00:00-05:00,11.59747306985961,11.680792895021149,11.347509998197983,11.355445861816406,48467549,0.0,0.0
2007-01-24 00:00:00-05:00,11.44273500449162,11.962498601774525,11.38718844983941,11.902983665466309,126184608,0.0,0.0
2007-01-25 00:00:00-05:00,13.33134126062551,13.41069450917222,12.696515272251837,12.875060081481934,224064403,0.0,0.0
2007-01-26 00:00:00-05:00,12.843320009199447,12.898867465965358,12.517972032354558,12.557648658752441,74767968,0.0,0.0
2007-01-29 00:00:00-05:00,12.498133802715918,12.79570760364519,12.458457176052764,12.696516036987305,70594524,0.0,0.0
2007-01-30 00:00:00-05:00,12.680647342471346,12.875063025677512,12.65684244131696,12.732227325439453,40133016,0.0,0.0
2007-01-31 00:00:00-05:00,12.72825900376662,12.970286254338012,12.533843347094896,12.851256370544434,52341617,0.0,0.0
2007-02-01 00:00:00-05:00,12.894901213682042,13.033770328053233,12.74809803138309,12.756033897399902,45939722,0.0,0.0
2007-02-02 00:00:00-05:00,12.775871348846897,12.970287016949644,12.712388021188843,12.855224609375,40150361,0.0,0.0
2007-02-05 00:00:00-05:00,12.815547870319108,12.990124322763377,12.756032925428254,12.795708656311035,27701071,0.0,0.0
2007-02-06 00:00:00-05:00,12.855224769136797,13.093284553679663,12.767935642044396,13.033769607543945,42209640,0.0,0.0
2007-02-07 00:00:00-05:00,12.894901216654175,13.30357089575608,12.894901216654175,13.24008846282959,51752369,0.0,0.0
2007-02-08 00:00:00-05:00,13.251987936579537,13.367050326125597,13.065509062219236,13.323406219482422,36361829,0.0,0.0
2007-02-09 00:00:00-05:00,13.371020946881709,13.406729195268545,13.15676696133833,13.295634269714355,41848726,0.0,0.0
2007-02-12 00:00:00-05:00,13.192475145819406,13.244055121571293,12.978221175914934,13.013930320739746,24565226,0.0,0.0
2007-02-13 00:00:00-05:00,13.073445699364235,13.172638178033825,12.966319152986939,13.045672416687012,28618682,0.0,0.0
2007-02-14 00:00:00-05:00,13.073444220039846,13.335310679854205,13.045670940505303,13.279763221740723,28126850,0.0,0.0
2007-02-15 00:00:00-05:00,13.351181786094976,13.382922549211619,13.236119384566654,13.355149269104004,22803185,0.0,0.0
2007-02-16 00:00:00-05:00,13.374986466675436,13.402760645375865,13.303569076540903,13.339278221130371,24974136,0.0,0.0
2007-02-20 00:00:00-05:00,13.28769681688279,13.513854108934288,13.093282082107342,13.267858505249023,33912648,0.0,0.0
2007-02-21 00:00:00-05:00,13.196441050224744,13.410695009096692,13.144861976173212,13.291666030883789,32226638,0.0,0.0
2007-02-22 00:00:00-05:00,13.351182145783412,13.581306055995306,13.255958055779258,13.36705207824707,34830022,0.0,0.0
2007-02-23 00:00:00-05:00,13.3313430958792,13.513856311897698,13.29166736518823,13.486083030700684,32388682,0.0,0.0
2007-02-26 00:00:00-05:00,13.601145660031763,13.62891984256509,13.121058580426427,13.259926795959473,27678499,0.0,0.0
2007-02-27 00:00:00-05:00,13.069476507429828,13.18850638741929,12.696516036987306,12.696516036987305,53287502,0.0,0.0
2007-02-28 00:00:00-05:00,12.724290091766743,13.045670584814907,12.252138059241974,12.720322608947754,56757175,0.0,0.0
2007-03-01 00:00:00-05:00,12.454489163402794,12.875061238692506,12.200559464465583,12.668743133544922,52677583,0.0,0.0
2007-03-02 00:00:00-05:00,12.478296401072917,12.724291144739572,12.224365792067195,12.232300758361816,42530875,0.0,0.0
2007-03-05 00:00:00-05:00,12.077560941381398,12.307685720430628,12.018045106277205,12.045819282531738,35496014,0.0,0.0
2007-03-06 00:00:00-05:00,12.192625067190827,12.474328059136807,12.16088340382101,12.434652328491211,36186718,0.0,0.0
2007-03-07 00:00:00-05:00,12.418780568791544,12.498133822241824,12.260074061890979,12.311653137207031,29513959,0.0,0.0
2007-03-08 00:00:00-05:00,12.470359899780107,12.557649019791684,12.256106830307147,12.307686805725098,31842439,0.0,0.0
2007-03-09 00:00:00-05:00,12.391006510873698,12.442586485734559,12.18072002757252,12.22833251953125,28316930,0.0,0.0
2007-03-12 00:00:00-04:00,12.228332042434497,12.37513519739641,12.216428695148133,12.299750328063965,21786257,0.0,0.0
2007-03-13 00:00:00-04:00,12.252139381659426,12.335461025073288,12.049789644651241,12.06566047668457,34636140,0.0,0.0
2007-03-14 00:00:00-04:00,12.049787448599043,12.355297088623047,12.002174062132038,12.355297088623047,39843619,0.0,0.0
2007-03-15 00:00:00-04:00,12.569551344332684,12.732225335823493,12.521939751374923,12.593358039855957,50289941,0.0,0.0
2007-03-16 00:00:00-04:00,12.569551344332684,12.708420438389005,12.486230607134406,12.593358039855957,36576619,0.0,0.0
2007-03-19 00:00:00-04:00,12.716355049549811,12.886965812244837,12.49813448994761,12.58145523071289,27124654,0.0,0.0
2007-03-20 00:00:00-04:00,12.617161676185752,12.633032505266824,12.359263625512334,12.498132705688477,31953636,0.0,0.0
2007-03-21 00:00:00-04:00,12.537807573979432,12.759997367858887,12.359262781854738,12.759997367858887,45520121,0.0,0.0
2007-03-22 00:00:00-04:00,12.732224230630147,12.954413143553724,12.67667767668249,12.839351654052734,26137188,0.0,0.0
2007-03-23 00:00:00-04:00,12.898867951187654,12.918706265132863,12.56955158007944,12.629067420959473,26144554,0.0,0.0
2007-03-26 00:00:00-04:00,12.704452897847451,13.212314118572762,12.637002986849389,13.180571556091309,51664457,0.0,0.0
2007-03-27 00:00:00-04:00,13.152797220023983,13.295632895946284,13.073443966839996,13.224215507507324,33344309,0.0,0.0
2007-03-28 00:00:00-04:00,13.113123711848518,13.359117579690757,13.109155329282173,13.136929512023926,34754465,0.0,0.0
2007-03-29 00:00:00-04:00,13.244055363379529,13.271828643725684,12.934577301306613,13.109153747558594,27040068,0.0,0.0
2007-03-30 00:00:00-04:00,13.121056935971824,13.275795965124196,13.049639544932244,13.15279769897461,25592609,0.0,0.0
2007-04-02 00:00:00-04:00,13.15676799489251,13.279765379889774,13.002028943230675,13.09328556060791,21960655,0.0,0.0
2007-04-03 00:00:00-04:00,13.232151200189763,13.597176724317439,13.192475470462343,13.410696029663086,38016238,0.0,0.0
2007-04-04 00:00:00-04:00,13.474178074511807,13.525758050073048,13.34324574269731,13.378954887390137,27284083,0.0,0.0
2007-04-05 00:00:00-04:00,13.569404241002204,13.585275074303773,13.315474504355267,13.374988555908203,28696140,0.0,0.0
2007-04-09 00:00:00-04:00,13.390857949144415,13.454341275523635,13.33134300494723,13.38689136505127,37123812,0.0,0.0
2007-04-10 00:00:00-04:00,13.363084759285316,13.521791278227,13.351182309791362,13.486083030700684,20444054,0.0,0.0
2007-04-11 00:00:00-04:00,13.482114100409479,13.513855762525218,13.27182851078706,13.335310935974121,25562671,0.0,0.0
2007-04-12 00:00:00-04:00,13.367052010551857,13.51782356054858,13.319440415313123,13.5098876953125,27878558,0.0,0.0
2007-04-13 00:00:00-04:00,13.557499915783623,13.835236313504002,13.549564949752236,13.799527168273926,42291612,0.0,0.0
2007-04-16 00:00:00-04:00,13.886815058009496,14.049489039578246,13.751913455087047,13.926490783691406,37353809,0.0,0.0
2007-04-17 00:00:00-04:00,13.986007616446663,14.025683344955805,13.839203555071908,13.966168403625488,25848742,0.0,0.0
2007-04-18 00:00:00-04:00,13.882847370724889,13.886815752631485,13.581305187531056,13.668593406677246,84319963,0.0,0.0
2007-04-19 00:00:00-04:00,13.827301604773286,13.89078403546652,13.073445605060462,13.168669700622559,124999934,0.0,0.0
2007-04-20 00:00:00-04:00,13.390857258506411,13.390857258506411,13.188506638481172,13.299601554870605,57981053,0.0,0.0
2007-04-23 00:00:00-04:00,13.244054995720287,13.462275547477388,13.216279918056332,13.299601554870605,34936942,0.0,0.0
2007-04-24 00:00:00-04:00,13.228185344015202,13.430535083032131,13.140896216487599,13.39482593536377,32010185,0.0,0.0
2007-04-25 00:00:00-04:00,13.497985750519401,13.549565729826224,13.347214194887512,13.398794174194336,37671718,0.0,0.0
2007-04-26 00:00:00-04:00,13.430533211511484,13.660657998600579,13.39085658608539,13.577337265014648,27817970,0.0,0.0
2007-04-27 00:00:00-04:00,13.446404967100833,13.720173881195189,13.426566653022176,13.557499885559082,31399078,0.0,0.0
2007-04-30 00:00:00-04:00,13.664626891499752,13.680497723116902,13.438470462849805,13.466243743896484,32223550,0.0,0.0
2007-05-01 00:00:00-04:00,13.521789698920504,13.521789698920504,13.085346822806157,13.275794982910156,35246534,0.0,0.0
2007-05-02 00:00:00-04:00,13.359115674521318,13.446404794775388,13.279763318268063,13.378954887390137,19900426,0.0,0.0
2007-05-03 00:00:00-04:00,13.418631854507382,13.787623961549727,13.347213563314964,13.736044883728027,42346973,0.0,0.0
2007-05-04 00:00:00-04:00,13.894748775694046,14.04155282292467,13.505918402558594,13.54956340789795,42394255,0.0,0.0
2007-05-07 00:00:00-04:00,13.55353218672671,13.740012887893029,13.454341510377743,13.482114791870117,23948654,0.0,0.0
2007-05-08 00:00:00-04:00,13.42260071551743,13.684466311698493,13.42260071551743,13.624951362609863,27254383,0.0,0.0
2007-05-09 00:00:00-04:00,13.620982221634566,13.914589447885533,13.577338110756113,13.882847785949707,28827533,0.0,0.0
2007-05-10 00:00:00-04:00,13.783655413692813,13.839202869324216,13.406727470611337,13.434501647949219,27383162,0.0,0.0
2007-05-11 00:00:00-04:00,13.501951835728551,13.636852545371488,13.414663617218379,13.569401741027832,20612988,0.0,0.0
2007-05-14 00:00:00-04:00,13.728108676294738,13.78365523215019,13.295632384233587,13.458307266235352,31182624,0.0,0.0
2007-05-15 00:00:00-04:00,13.517822438054846,13.636852315312112,13.267859336196846,13.291666030883789,27926078,0.0,0.0
2007-05-16 00:00:00-04:00,13.331342618970444,13.39879342653438,12.934577234854371,13.192475318908691,43500046,0.0,0.0
2007-05-17 00:00:00-04:00,13.208346398602366,13.28769875768332,13.049639882351585,13.085348129272461,23458248,0.0,0.0
2007-05-18 00:00:00-04:00,13.132960176188876,13.22421678578928,12.930609540818926,12.97425365447998,41476406,0.0,0.0
2007-05-21 00:00:00-04:00,12.974251583233826,13.148828909052488,12.914737546138447,12.958381652832031,27816307,0.0,0.0
2007-05-22 00:00:00-04:00,12.970286998440162,13.148830935329139,12.910771154084555,13.11708927154541,25198193,0.0,0.0
2007-05-23 00:00:00-04:00,13.1448639963121,13.331343806389468,13.02186661738589,13.045672416687012,30715265,0.0,0.0
2007-05-24 00:00:00-04:00,13.069476642477808,13.31943975265632,12.910770134185267,12.97822093963623,39142462,0.0,0.0
2007-05-25 00:00:00-04:00,13.025833615638115,13.089316044424983,12.93457790520839,12.954415321350098,18252432,0.0,0.0
2007-05-29 00:00:00-04:00,12.756032783050877,12.99012417777317,12.736194468308685,12.859190940856934,26890618,0.0,0.0
2007-05-30 00:00:00-04:00,12.77587119105848,13.184539938304273,12.724291212734464,13.180571556091309,39917513,0.0,0.0
2007-05-31 00:00:00-04:00,13.244055797884556,13.263893213750894,12.863159432361792,12.918706893920898,35894707,0.0,0.0
2007-06-01 00:00:00-04:00,12.966316247270669,12.982187076262974,12.795706408930918,12.803642272949219,24012094,0.0,0.0
2007-06-04 00:00:00-04:00,12.744128896208833,12.938542740474162,12.728258066396277,12.91076946258545,26502854,0.0,0.0
2007-06-05 00:00:00-04:00,12.863158489128312,12.910770081805152,12.541777990948658,12.573518753051758,45259474,0.0,0.0
2007-06-06 00:00:00-04:00,12.537810777307937,12.569552441413144,12.307687758245308,12.367201805114746,39990218,0.0,0.0
2007-06-07 00:00:00-04:00,12.299749963090482,12.49416560238455,12.133107601247998,12.145010948181152,39715553,0.0,0.0
2007-06-08 00:00:00-04:00,12.069626238512974,12.521939975899489,12.065659654580497,12.466392517089844,36759334,0.0,0.0
2007-06-11 00:00:00-04:00,12.478296496126271,12.561617239032289,12.3830724046432,12.49416732788086,22504522,0.0,0.0
2007-06-12 00:00:00-04:00,12.391005807589544,12.51003568216393,12.260073484984325,12.283879280090332,36540742,0.0,0.0
2007-06-13 00:00:00-04:00,12.29975180294221,12.525908236146954,12.232300991971968,12.490199089050293,43690601,0.0,0.0
2007-06-14 00:00:00-04:00,12.545747001492892,12.688582695960523,12.494167919653064,12.541779518127441,31202820,0.0,0.0
2007-06-15 00:00:00-04:00,12.688581288364622,12.771902925018322,12.621131381500996,12.712387084960938,38456273,0.0,0.0
2007-06-18 00:00:00-04:00,12.748097039739301,12.791742051825404,12.454489798935874,12.553681373596191,27867391,0.0,0.0
2007-06-19 00:00:00-04:00,12.537808927798746,12.597324763977676,12.367199980772856,12.446553230285645,31400503,0.0,0.0
2007-06-20 00:00:00-04:00,12.498132131741814,12.557647063779523,12.339425646307923,12.347360610961914,27676598,0.0,0.0
2007-06-21 00:00:00-04:00,12.3156225639245,12.45448987019907,12.26404258518822,12.35133171081543,39348461,0.0,0.0
2007-06-22 00:00:00-04:00,12.577486814436735,12.867125644087352,12.565584366093056,12.601292610168457,68456124,0.0,0.0
2007-06-25 00:00:00-04:00,12.63303174806509,12.795705713545994,12.57351681686152,12.676676750183105,31470833,0.0,0.0
2007-06-26 00:00:00-04:00,12.696517061298154,12.752064522916823,12.450523214802807,12.553681373596191,28386310,0.0,0.0
2007-06-27 00:00:00-04:00,12.466391687269347,12.756031410968472,12.45448834008662,12.72825813293457,24248030,0.0,0.0
2007-06-28 00:00:00-04:00,12.75603261657781,12.831417492378765,12.668743493424673,12.680645942687988,28998367,0.0,0.0
2007-06-29 00:00:00-04:00,12.700483942341268,12.83538464774312,12.625098174701026,12.76793384552002,24625814,0.0,0.0
2007-07-02 00:00:00-04:00,12.803642097595079,12.966316069688604,12.775868821522142,12.827447891235352,21424392,0.0,0.0
2007-07-03 00:00:00-04:00,12.871096312765186,12.914740429201805,12.7163563654049,12.756033897399902,12588998,0.0,0.0
2007-07-05 00:00:00-04:00,12.815545619454522,12.815545619454522,12.644935781114771,12.803642272949219,16181986,0.0,0.0
2007-07-06 00:00:00-04:00,12.815545698440246,13.46227411722501,12.767933211169884,13.24802017211914,39727195,0.0,0.0
2007-07-09 00:00:00-04:00,13.263892645735918,13.382922530103315,13.172636940480896,13.335310935974121,33957554,0.0,0.0
2007-07-10 00:00:00-04:00,13.255958376875608,13.311504939932787,13.04567187714956,13.057575225830078,23362258,0.0,0.0
2007-07-11 00:00:00-04:00,13.009961447923564,13.335310322999348,12.95044740751992,13.327374458312988,35484610,0.0,0.0
2007-07-12 00:00:00-04:00,13.367052473436988,13.593209806263632,13.232151750196538,13.581306457519531,44701826,0.0,0.0
2007-07-13 00:00:00-04:00,13.589240970977794,13.589240970977794,13.291667151784276,13.47021198272705,34219627,0.0,0.0
2007-07-16 00:00:00-04:00,13.422597917576768,13.7281084653081,13.339277186029797,13.644786834716797,36494647,0.0,0.0
2007-07-17 00:00:00-04:00,13.668593327117597,13.680496674679329,13.573369243756863,13.589240074157715,24115687,0.0,0.0
2007-07-18 00:00:00-04:00,13.589240953406684,13.676530076736947,13.430534437218318,13.5098876953125,69603494,0.0,0.0
2007-07-19 00:00:00-04:00,13.35118096951242,13.371019282388632,12.994091337740626,13.291666030883789,89015890,0.0,0.0
2007-07-20 00:00:00-04:00,13.259924730324268,13.367051263143745,13.188506442415026,13.303568840026855,61522481,0.0,0.0
2007-07-23 00:00:00-04:00,13.259924406599689,13.351181005695317,13.069476242854188,13.128992080688477,41384218,0.0,0.0
2007-07-24 00:00:00-04:00,12.994092796755728,13.359116536001846,12.994092796755728,13.11708927154541,59751410,0.0,0.0
2007-07-25 00:00:00-04:00,13.192475235649617,13.44640493603422,13.180570988567744,13.315472602844238,43293096,0.0,0.0
2007-07-26 00:00:00-04:00,13.093284965901471,13.244056527143217,12.87506259082231,13.10518741607666,76324248,0.0,0.0
2007-07-27 00:00:00-04:00,13.113120423462028,13.275794399418738,12.914737306674748,12.922672271728516,38153333,0.0,0.0
2007-07-30 00:00:00-04:00,12.89490111096183,13.021866874818663,12.70842219624241,12.938545227050781,29107901,0.0,0.0
2007-07-31 00:00:00-04:00,13.017898613648722,13.196442550792492,12.855224609375002,12.855224609375,40073854,0.0,0.0
2007-08-01 00:00:00-04:00,12.779836497824501,13.037733648391406,12.716353181761688,13.005992889404297,39104921,0.0,0.0
2007-08-02 00:00:00-04:00,12.958383098609662,13.180571139467741,12.898868155829827,13.109153747558594,27011318,0.0,0.0
2007-08-03 00:00:00-04:00,13.240087491049131,13.442438124482397,13.113122634514973,13.22024917602539,43464881,0.0,0.0
2007-08-06 00:00:00-04:00,13.347213563314964,13.787623961549727,13.33927859720222,13.736044883728027,54372146,0.0,0.0
2007-08-07 00:00:00-04:00,13.64081995276655,14.398643333422713,13.609078292186915,14.239936828613281,76809902,0.0,0.0
2007-08-08 00:00:00-04:00,14.224066909908833,14.652573960929637,14.136778686287307,14.565286636352539,54386878,0.0,0.0
2007-08-09 00:00:00-04:00,13.989974913139704,14.85492579749408,13.974104081500785,14.517674446105957,52195255,0.0,0.0
2007-08-10 00:00:00-04:00,14.263741514797234,14.481962941932432,13.807461248013398,14.28357982635498,50531580,0.0,0.0
2007-08-13 00:00:00-04:00,14.362935220227353,14.362935220227353,13.942363132125287,14.097102165222168,32487048,0.0,0.0
2007-08-14 00:00:00-04:00,13.906654841055182,14.362935174616108,13.71223917952749,13.835236549377441,42733548,0.0,0.0
2007-08-15 00:00:00-04:00,13.747947096571398,13.997910212403589,13.688432154615583,13.700335502624512,33923578,0.0,0.0
2007-08-16 00:00:00-04:00,13.343245308615938,13.672561667005697,13.267859538726723,13.347212791442871,47530930,0.0,0.0
2007-08-17 00:00:00-04:00,13.450371990345161,13.628916799015812,13.331341218853733,13.545595169067383,44350654,0.0,0.0
2007-08-20 00:00:00-04:00,13.569400048900905,13.660656637908906,13.319437873041002,13.402758598327637,33180840,0.0,0.0
2007-08-21 00:00:00-04:00,13.513853373664286,13.751912201272704,13.47417585351125,13.64875316619873,30514018,0.0,0.0
2007-08-22 00:00:00-04:00,13.77572083822326,13.783655803947683,13.51782276460252,13.668593406677246,29998901,0.0,0.0
2007-08-23 00:00:00-04:00,13.668593307082288,13.743979976136927,13.450372760806859,13.569401741027832,26511408,0.0,0.0
2007-08-24 00:00:00-04:00,13.589240411528246,13.609078725260728,13.470211428177754,13.521790504455566,19397189,0.0,0.0
2007-08-27 00:00:00-04:00,13.34721280621503,13.53369348973099,13.287697866612051,13.307537078857422,23646190,0.0,0.0
2007-08-28 00:00:00-04:00,13.244055927239554,13.371020784290907,13.057575225830078,13.057575225830078,32947279,0.0,0.0
2007-08-29 00:00:00-04:00,13.14883227338169,13.283733009623626,13.002029086292982,13.271830558776855,32622718,0.0,0.0
2007-08-30 00:00:00-04:00,13.228183595475457,13.497984110879493,13.168667757865512,13.331341743469238,21391841,0.0,0.0
2007-08-31 00:00:00-04:00,13.490048502932844,13.577337620582824,13.363083657862079,13.529726028442383,22929826,0.0,0.0
2007-09-04 00:00:00-04:00,13.509887152850396,13.886816012707389,13.490048839123418,13.724141120910645,25563622,0.0,0.0
2007-09-05 00:00:00-04:00,13.597177638118167,14.057426382993835,13.597177638118167,13.978073120117188,33315559,0.0,0.0
2007-09-06 00:00:00-04:00,14.017747842292133,14.243905150113909,13.779688086086706,14.180421829223633,37469282,0.0,0.0
2007-09-07 00:00:00-04:00,14.01774940905243,14.081231837993752,13.847139538418437,13.986008644104004,33604006,0.0,0.0
2007-09-10 00:00:00-04:00,13.970136906751026,14.009812635604195,13.636853052602481,13.882847785949707,30187555,0.0,0.0
2007-09-11 00:00:00-04:00,13.934428836774607,14.450225039233075,13.918558004582374,14.406580924987793,37265422,0.0,0.0
2007-09-12 00:00:00-04:00,14.430385731826828,14.688283831396076,14.323259188546622,14.589092254638672,29724948,0.0,0.0
2007-09-13 00:00:00-04:00,14.72399274479056,15.021567470332634,14.485933863401362,14.938246726989746,42478366,0.0,0.0
2007-09-14 00:00:00-04:00,14.779539125519465,15.19217622789401,14.731926633489097,15.001728057861328,36709438,0.0,0.0
2007-09-17 00:00:00-04:00,14.878731455529513,14.930310534065455,14.620833365716482,14.803345680236816,21570516,0.0,0.0
2007-09-18 00:00:00-04:00,14.878732419893836,15.112824727167233,14.704155060280906,15.104887962341309,30060202,0.0,0.0
2007-09-19 00:00:00-04:00,15.116793546250735,15.390561594161465,15.100921814229402,15.319143295288086,32064358,0.0,0.0
2007-09-20 00:00:00-04:00,15.299300407286573,15.469910237479903,15.128690577093245,15.132658958435059,26514972,0.0,0.0
2007-09-21 00:00:00-04:00,15.39849304072189,15.632586200283495,15.132660020552086,15.473877906799316,47899210,0.0,0.0
2007-09-24 00:00:00-04:00,15.319140018395267,15.473878134446931,15.208045110366262,15.307236671447754,25988688,0.0,0.0
2007-09-25 00:00:00-04:00,15.275501023931367,15.545300706023017,15.255660908153756,15.501657485961914,26152632,0.0,0.0
2007-09-26 00:00:00-04:00,15.525460261384328,15.57704023992581,15.378657090219276,15.54529857635498,25988688,0.0,0.0
2007-09-27 00:00:00-04:00,15.688134494112147,15.688134494112147,15.501654700961149,15.581007957458496,22064486,0.0,0.0
2007-09-28 00:00:00-04:00,15.553233741820815,15.660362082504813,15.44213881694526,15.481817245483398,21551033,0.0,0.0
2007-10-01 00:00:00-04:00,15.477847357167027,15.83493699646408,15.394525722095544,15.735745429992676,28779538,0.0,0.0
2007-10-02 00:00:00-04:00,15.723841544086648,15.787324863690475,15.501653521650653,15.604811668395996,19091873,0.0,0.0
2007-10-03 00:00:00-04:00,15.553231695978976,15.707971613230042,15.291367048312763,15.604811668395996,18246967,0.0,0.0
2007-10-04 00:00:00-04:00,15.537362098693848,15.624650316456574,15.323109037086358,15.537362098693848,18404971,0.0,0.0
2007-10-05 00:00:00-04:00,15.577040749994726,15.62068396550591,15.208047719840145,15.374691009521484,29593318,0.0,0.0
2007-10-08 00:00:00-04:00,15.362784425075738,15.374689571040793,14.973954014724985,15.140596389770508,28162490,0.0,0.0
2007-10-09 00:00:00-04:00,15.200111831842934,15.553233109243198,15.152500236858126,15.513556480407715,27872381,0.0,0.0
2007-10-10 00:00:00-04:00,15.537360837175987,15.660359087279247,15.4818142844066,15.624649047851562,14048575,0.0,0.0
2007-10-11 00:00:00-04:00,15.696068162209498,16.16028431471438,15.362783433627225,15.505620002746582,40830372,0.0,0.0
2007-10-12 00:00:00-04:00,15.620684255069511,15.882550745346766,15.545299373550698,15.830970764160156,22251953,0.0,0.0
2007-10-15 00:00:00-04:00,15.791290897590399,15.815097591135185,15.267559822402841,15.473877906799316,29628007,0.0,0.0
2007-10-16 00:00:00-04:00,15.529427054040097,15.545296985156627,15.180272386677878,15.31517219543457,27278618,0.0,0.0
2007-10-17 00:00:00-04:00,15.779389149697737,16.14044718254301,15.42626788089736,16.108705520629883,101650507,0.0,0.0
2007-10-18 00:00:00-04:00,15.17233732814056,15.394525352854012,14.930309192519937,15.116790771484375,120313274,0.0,0.0
2007-10-19 00:00:00-04:00,15.092983021705146,15.11282133313669,14.42641539798759,14.56925106048584,62638488,0.0,0.0
2007-10-22 00:00:00-04:00,14.378806743890266,14.48990077114694,14.168520240193251,14.406580924987793,42963782,0.0,0.0
2007-10-23 00:00:00-04:00,14.537511618754282,14.585124112874867,14.204228655132347,14.25977611541748,45508241,0.0,0.0
2007-10-24 00:00:00-04:00,14.291517522655685,14.33119325181352,13.886816274610483,14.204228401184082,40193129,0.0,0.0
2007-10-25 00:00:00-04:00,14.172488447689974,14.343097419279497,13.926492799356208,13.986008644104004,31197118,0.0,0.0
2007-10-26 00:00:00-04:00,14.212165654851503,14.620834425837048,14.1566181901322,14.53751277923584,43811777,0.0,0.0
2007-10-29 00:00:00-04:00,14.628768228406521,14.668443955844925,14.398643435188633,14.541479110717773,36547394,0.0,0.0
2007-10-30 00:00:00-04:00,14.48196452629089,14.585123577868128,14.374837092732509,14.493867874145508,21869417,0.0,0.0
2007-10-31 00:00:00-04:00,14.485932331619276,14.585122997266817,14.02171526943455,14.323257446289062,53305085,0.0,0.0
2007-11-01 00:00:00-04:00,14.235971762556769,14.27564839549479,13.847140400146364,13.886817932128906,40005425,0.0,0.0
2007-11-02 00:00:00-04:00,13.589240911979303,13.918557291684003,13.299602060245173,13.894750595092773,61920936,0.0,0.0
2007-11-05 00:00:00-05:00,13.680496669583366,13.76778488818897,13.279762922094116,13.529726028442383,50618542,0.0,0.0
2007-11-06 00:00:00-05:00,13.49004769445009,13.605110084112038,13.263891296770383,13.5257568359375,34413746,0.0,0.0
2007-11-07 00:00:00-05:00,13.339278797391227,13.71223929213157,13.2996021681432,13.36705207824707,39666845,0.0,0.0
2007-11-08 00:00:00-05:00,13.299602508714598,13.363084937328189,12.640970626140227,12.855224609375,56419783,0.0,0.0
2007-11-09 00:00:00-05:00,12.926640322400939,13.624948744375025,12.8552229366452,13.275794982910156,85664066,0.0,0.0
2007-11-12 00:00:00-05:00,13.343245058479148,13.513854908238306,12.978220462445494,13.049638748168945,41493751,0.0,0.0
2007-11-13 00:00:00-05:00,13.192476614465388,13.394826359895532,12.767936110365346,13.184540748596191,42375485,0.0,0.0
2007-11-14 00:00:00-05:00,13.093281789608564,13.291664901514409,12.835383744130969,12.950446128845215,34846178,0.0,0.0
2007-11-15 00:00:00-05:00,12.990122745755137,13.049638582465189,12.62113067165437,12.748095512390137,40102128,0.0,0.0
2007-11-16 00:00:00-05:00,12.867126381248545,13.033768759006314,12.684614071456679,12.990123748779297,37012378,0.0,0.0
2007-11-19 00:00:00-05:00,12.99012415854094,13.144863193109822,12.69651692098232,12.779838562011719,39110148,0.0,0.0
2007-11-20 00:00:00-05:00,12.708419097083988,13.029799563239887,12.486229289280322,12.803642272949219,47230366,0.0,0.0
2007-11-21 00:00:00-05:00,12.63700401380179,12.855225495292808,12.343396749804969,12.533844947814941,25834010,0.0,0.0
2007-11-23 00:00:00-05:00,12.656840541610135,12.676678855305727,12.41878077726303,12.672711372375488,10202069,0.0,0.0
2007-11-26 00:00:00-05:00,12.799675630337163,12.890931329703307,12.275944532535595,12.299750328063965,39306643,0.0,0.0
2007-11-27 00:00:00-05:00,12.394972800849796,13.045669602639146,12.394972800849796,12.902833938598633,44506994,0.0,0.0
2007-11-28 00:00:00-05:00,13.192474512450204,13.747946375874372,13.14882950473504,13.390856742858887,48181003,0.0,0.0
2007-11-29 00:00:00-05:00,13.394826063682704,13.553532589022918,13.168669624690693,13.311505317687988,28313366,0.0,0.0
2007-11-30 00:00:00-05:00,13.478146177881591,13.513855321836212,13.176603993793076,13.303568840026855,32810422,0.0,0.0
2007-12-03 00:00:00-05:00,13.18057186339916,13.398794231288656,13.029802105213758,13.073445320129395,27772351,0.0,0.0
2007-12-04 00:00:00-05:00,12.998059940797638,13.255958030416375,12.97425324405882,13.065510749816895,28514614,0.0,0.0
2007-12-05 00:00:00-05:00,13.251989345627148,13.307537704052873,13.089315349545368,13.23215103149414,24531012,0.0,0.0
2007-12-06 00:00:00-05:00,13.418632489459348,13.521791549028523,13.251990101806554,13.398794174194336,27626465,0.0,0.0
2007-12-07 00:00:00-05:00,13.410695451872318,13.50988701952834,13.283730604890366,13.382922172546387,23172890,0.0,0.0
2007-12-10 00:00:00-05:00,13.271827804123545,13.478145899757115,13.176603721890986,13.430533409118652,24767424,0.0,0.0
2007-12-11 00:00:00-05:00,13.708273358107528,13.934429810760125,13.371021971388487,13.374988555908203,38407327,0.0,0.0
2007-12-12 00:00:00-05:00,13.617012264243819,13.779687139039405,13.394823353531512,13.652721405029297,38601684,0.0,0.0
2007-12-13 00:00:00-05:00,13.605110084112038,13.799525721948525,13.47021028145078,13.5257568359375,25683847,0.0,0.0
2007-12-14 00:00:00-05:00,13.4225999379254,13.434503286671355,12.926642057585097,12.97425365447998,33965633,0.0,0.0
2007-12-17 00:00:00-05:00,12.902836168804912,13.128993500083444,12.601293959478,12.652873039245605,28597774,0.0,0.0
2007-12-18 00:00:00-05:00,12.740159527459857,12.871092739464272,12.557647246366031,12.688579559326172,26130060,0.0,0.0
2007-12-19 00:00:00-05:00,12.712387402584694,12.946479689560206,12.502101811844714,12.565585136413574,33563851,0.0,0.0
2007-12-20 00:00:00-05:00,12.871096315731831,13.3432475287157,12.760001383827083,13.24008846282959,32868158,0.0,0.0
2007-12-21 00:00:00-05:00,13.509884947496106,13.779686329758382,13.410693395053247,13.609076499938965,40948459,0.0,0.0
2007-12-24 00:00:00-05:00,13.605111479730093,13.724141364202037,13.450373349152096,13.557499885559082,9218167,0.0,0.0
2007-12-26 00:00:00-05:00,13.490047860743491,13.716204261211056,13.490047860743491,13.684463500976562,12288197,0.0,0.0
2007-12-27 00:00:00-05:00,13.688430473895382,13.755881272590074,13.335309247550706,13.351180076599121,19384834,0.0,0.0
2007-12-28 00:00:00-05:00,13.549562637208147,13.617011635052048,13.275793769228407,13.402758598327637,11281010,0.0,0.0
2007-12-31 00:00:00-05:00,13.291667977706036,13.331343710225376,13.10915475327681,13.168669700622559,14930309,0.0,0.0
2008-01-02 00:00:00-05:00,13.271829411876313,13.295634311512725,12.760000694537075,12.8909330368042,27943661,0.0,0.0
2008-01-03 00:00:00-05:00,12.946478782143542,13.216279296473235,12.89489880930768,13.029800415039062,20519136,0.0,0.0
2008-01-04 00:00:00-05:00,12.946478912580142,13.303568546149428,12.355297905128705,12.418780326843262,29543897,0.0,0.0
2008-01-07 00:00:00-05:00,12.46638979996102,12.506066419170935,11.966464577724922,12.077559471130371,44513172,0.0,0.0
2008-01-08 00:00:00-05:00,12.105335037923721,12.343394798275938,11.902984421433215,11.906951904296875,33702134,0.0,0.0
2008-01-09 00:00:00-05:00,11.946630249690823,12.014081064254205,11.510187292924117,11.851407051086426,42864228,0.0,0.0
2008-01-10 00:00:00-05:00,11.716502943382723,12.22436409071135,11.609376418092683,12.045819282531738,45606845,0.0,0.0
2008-01-11 00:00:00-05:00,11.906951364576706,12.061690381600487,11.617311642992592,11.776018142700195,29344075,0.0,0.0
2008-01-14 00:00:00-05:00,11.914886114249775,11.97440014702774,11.50621655611947,11.59747314453125,41139727,0.0,0.0
2008-01-15 00:00:00-05:00,11.502252104203347,11.502252104203347,11.04993918706909,11.089615821838379,52006838,0.0,0.0
2008-01-16 00:00:00-05:00,10.990421655950076,11.466541161457405,10.978519207739007,11.145160675048828,52113283,0.0,0.0
2008-01-17 00:00:00-05:00,11.414962512955157,11.490347384899492,11.117386911885063,11.157064437866211,51693682,0.0,0.0
2008-01-18 00:00:00-05:00,11.157064319666388,11.367349900776786,10.887263798781358,11.240385055541992,59257202,0.0,0.0
2008-01-22 00:00:00-05:00,10.35163166318022,11.145163472491719,10.323856579916429,10.80394458770752,50254776,0.0,0.0
2008-01-23 00:00:00-05:00,10.399241833650182,11.859340377436975,10.363532686883897,11.482413291931152,84443278,0.0,0.0
2008-01-24 00:00:00-05:00,10.542076161870924,10.891229920991066,10.216727298798487,10.784103393554688,126752710,0.0,0.0
2008-01-25 00:00:00-05:00,10.855523475050394,10.950747570227648,10.430982979606439,10.64523696899414,66868481,0.0,0.0
2008-01-28 00:00:00-05:00,10.48256317204133,10.799976229688344,10.391306558350008,10.661108016967773,39749530,0.0,0.0
2008-01-29 00:00:00-05:00,10.593656865909216,10.645235942332594,10.292113777088964,10.363532066345215,57136860,0.0,0.0
2008-01-30 00:00:00-05:00,10.18498677304091,10.708718772355532,10.173084324742799,10.43494987487793,57206239,0.0,0.0
2008-01-31 00:00:00-05:00,10.315920370897349,10.815845693616104,10.276242844668223,10.669041633605957,53046101,0.0,0.0
2008-02-01 00:00:00-05:00,10.970585983903247,11.50622055652929,10.728558690155209,11.430834770202637,61392751,0.0,0.0
2008-02-04 00:00:00-05:00,11.37528730138065,11.577638859163923,11.343546532799923,11.430834770202637,45935683,0.0,0.0
2008-02-05 00:00:00-05:00,11.232447024315505,11.299897815810244,10.986452346978515,11.022161483764648,42487870,0.0,0.0
2008-02-06 00:00:00-05:00,11.125322238815752,11.327672846601176,10.978519085865083,11.026130676269531,39923215,0.0,0.0
2008-02-07 00:00:00-05:00,10.863458589616075,11.299901540996421,10.863458589616075,11.045970916748047,40339490,0.0,0.0
2008-02-08 00:00:00-05:00,10.966617188656786,11.168967823195329,10.919005591957527,11.137227058410645,31515264,0.0,0.0
2008-02-11 00:00:00-05:00,11.069775338651757,11.276093439468097,10.950746356676477,11.176902770996094,27498161,0.0,0.0
2008-02-12 00:00:00-05:00,11.264191012406544,11.264191012406544,10.90710136866235,10.994390487670898,35751910,0.0,0.0
2008-02-13 00:00:00-05:00,11.105483748501069,11.109451231130526,10.792038236064588,11.049936294555664,35614102,0.0,0.0
2008-02-14 00:00:00-05:00,11.105483571460105,11.280060895772166,11.006292012083287,11.073741912841797,27647849,0.0,0.0
2008-02-15 00:00:00-05:00,10.974550704127758,11.172934728264545,10.911068283907044,11.026130676269531,28659550,0.0,0.0
2008-02-19 00:00:00-05:00,11.16499742874537,11.168964910928391,10.911066881457042,10.974549293518066,24804014,0.0,0.0
2008-02-20 00:00:00-05:00,10.871394248325531,10.89123166487495,10.565883648752731,10.807910919189453,39850985,0.0,0.0
2008-02-21 00:00:00-05:00,10.85552278063439,10.903134375655112,10.673010467662383,10.720622062683105,28936829,0.0,0.0
2008-02-22 00:00:00-05:00,10.748394860331596,11.01026041926846,10.704750750349517,10.994390487670898,34040002,0.0,0.0
2008-02-25 00:00:00-05:00,10.990420335718598,11.16103016431518,10.922970440158599,11.113418579101562,35086154,0.0,0.0
2008-02-26 00:00:00-05:00,11.018195305972561,11.149128534023278,10.732523952645668,10.915037155151367,40247302,0.0,0.0
2008-02-27 00:00:00-05:00,10.859489033981149,11.010260578696283,10.736492567097104,10.950746536254883,23689433,0.0,0.0
2008-02-28 00:00:00-05:00,10.843620481821162,10.962650379937314,10.740461416596068,10.819814682006836,22812214,0.0,0.0
2008-02-29 00:00:00-05:00,10.7166526571155,10.744426834095501,10.38336972571027,10.458755493164062,41515848,0.0,0.0
2008-03-03 00:00:00-05:00,10.407176480142574,10.43495065968243,10.200858370348021,10.2564058303833,32858417,0.0,0.0
2008-03-04 00:00:00-05:00,10.13737701853054,10.478595881988607,10.050087886640181,10.41511344909668,42871118,0.0,0.0
2008-03-05 00:00:00-05:00,10.383370220130494,10.764265659190785,10.339725211232892,10.609526634216309,29894832,0.0,0.0
2008-03-06 00:00:00-05:00,10.506368511819774,10.6690425169367,10.359564439655157,10.367500305175781,29162786,0.0,0.0
2008-03-07 00:00:00-05:00,10.280210993379924,10.502399021720048,10.12547197106138,10.228631019592285,34254792,0.0,0.0
2008-03-10 00:00:00-04:00,10.244503943045945,10.383372163415004,10.145312357068047,10.204827308654785,32671188,0.0,0.0
2008-03-11 00:00:00-04:00,10.4151123537527,10.510335543553829,10.216728310881871,10.478594779968262,33297264,0.0,0.0
2008-03-12 00:00:00-04:00,10.478594246114323,10.792038878155397,10.46669089847341,10.55001163482666,27307606,0.0,0.0
2008-03-13 00:00:00-04:00,10.498434347057623,10.724590798387657,10.32385608080584,10.593658447265625,29316276,0.0,0.0
2008-03-14 00:00:00-04:00,10.625399064241472,10.708720712646933,10.244503567845385,10.41511344909668,38601209,0.0,0.0
2008-03-17 00:00:00-04:00,10.161182258715604,10.363532895743317,9.95883162168789,10.224664688110352,39986417,0.0,0.0
2008-03-18 00:00:00-04:00,10.430981924160049,10.946778080215104,10.276242897534653,10.930907249450684,55134842,0.0,0.0
2008-03-19 00:00:00-04:00,10.89519963199578,11.462575842794047,10.891232148509717,10.899168014526367,48391279,0.0,0.0
2008-03-20 00:00:00-04:00,10.930908561272744,11.391157314409138,10.700784634226801,11.347513198852539,48809455,0.0,0.0
2008-03-24 00:00:00-04:00,11.264190835661298,12.029950085959491,11.228481692038308,11.827598571777344,37294409,0.0,0.0
2008-03-25 00:00:00-04:00,11.81172778035105,11.891081033533087,11.510185598068183,11.664924621582031,27993319,0.0,0.0
2008-03-26 00:00:00-04:00,11.68873105026369,11.724440195936884,11.502250355767867,11.692699432373047,27468223,0.0,0.0
2008-03-27 00:00:00-04:00,11.799824143016343,12.446552551868079,11.728405862729856,12.196589469909668,48963895,0.0,0.0
2008-03-28 00:00:00-04:00,12.279910300396766,12.402907642653762,11.922820720205609,11.990270614624023,33789334,0.0,0.0
2008-03-31 00:00:00-04:00,11.851405682568016,11.9466288701767,11.684763306164003,11.839502334594727,32526965,0.0,0.0
2008-04-01 00:00:00-04:00,12.093434051864177,12.47829701802629,12.081530702789271,12.46242618560791,37168006,0.0,0.0
2008-04-02 00:00:00-04:00,12.545745154098196,12.775869943941691,12.37910368493178,12.601292610168457,36186955,0.0,0.0
2008-04-03 00:00:00-04:00,12.807612353141627,12.823482285194446,12.517972607511403,12.58542251586914,41920006,0.0,0.0
2008-04-04 00:00:00-04:00,12.676679179321708,13.279763571464786,12.605260888574366,13.069477081298828,49773398,0.0,0.0
2008-04-07 00:00:00-04:00,13.128992931729481,13.251989401014901,12.839353184559227,12.86712646484375,25637278,0.0,0.0
2008-04-08 00:00:00-04:00,12.795708364048872,12.815547577603805,12.438618702859912,12.640970230102539,31280990,0.0,0.0
2008-04-09 00:00:00-04:00,12.684613883662543,12.696516332511901,12.414813355499838,12.529875755310059,21846607,0.0,0.0
2008-04-10 00:00:00-04:00,12.486231179987291,12.748096751357833,12.486231179987291,12.680645942687988,22810075,0.0,0.0
2008-04-11 00:00:00-04:00,12.490200043648915,12.54971589272166,12.176755359402634,12.248172760009766,24632942,0.0,0.0
2008-04-14 00:00:00-04:00,12.319588390682918,12.597324763977676,12.256105970881556,12.446553230285645,23748358,0.0,0.0
2008-04-15 00:00:00-04:00,12.617163077338564,12.680645501668353,12.41084497350565,12.529875755310059,26190886,0.0,0.0
2008-04-16 00:00:00-04:00,12.732227792827896,12.962352634302384,12.529878034186726,12.744132041931152,58167094,0.0,0.0
2008-04-17 00:00:00-04:00,12.398942653904042,12.458457595904434,12.002175474857015,12.303718566894531,60907810,0.0,0.0
2008-04-18 00:00:00-04:00,12.680645903780567,12.732225880896634,12.486231141676384,12.58145523071289,43665178,0.0,0.0
2008-04-21 00:00:00-04:00,12.355299924175387,12.494168137701097,12.045821831557431,12.152948379516602,36711576,0.0,0.0
2008-04-22 00:00:00-04:00,12.06566098864907,12.335461548485839,12.041854290066686,12.256108283996582,29381378,0.0,0.0
2008-04-23 00:00:00-04:00,12.25610663878917,12.260074121672154,11.990272699007868,12.168817520141602,27238464,0.0,0.0
2008-04-24 00:00:00-04:00,12.18865530250102,12.585421554398682,12.077561291396286,12.383070945739746,34108193,0.0,0.0
2008-04-25 00:00:00-04:00,12.379103700891118,12.482262748557815,12.14104394517826,12.418780326843262,26953344,0.0,0.0
2008-04-28 00:00:00-04:00,12.406879083073042,12.617164696847498,12.287849185034643,12.414814949035645,21355250,0.0,0.0
2008-04-29 00:00:00-04:00,12.367201570691597,12.430683998654215,12.299751659552149,12.33149242401123,16414121,0.0,0.0
2008-04-30 00:00:00-04:00,12.414814949035645,12.69651796220643,12.331493301173152,12.414814949035645,48996446,0.0,0.0
2008-05-01 00:00:00-04:00,12.232301096568971,12.62509991990209,12.228333613311964,12.60922908782959,27219218,0.0,0.0
2008-05-02 00:00:00-04:00,12.637002461075177,12.640969944078618,12.160882923596263,12.343395233154297,38726424,0.0,0.0
2008-05-05 00:00:00-04:00,12.26404283663151,12.43861929337626,12.208496272600623,12.2442045211792,22048092,0.0,0.0
2008-05-06 00:00:00-04:00,12.164850632297656,12.28388051887578,12.049789127841015,12.216429710388184,25078680,0.0,0.0
2008-05-07 00:00:00-04:00,12.097400193582024,12.252138320128102,11.7720522107872,11.823631286621094,29338373,0.0,0.0
2008-05-08 00:00:00-04:00,11.879177008672462,12.101365908289887,11.779985455357158,11.982336044311523,23678978,0.0,0.0
2008-05-09 00:00:00-04:00,11.895047801198617,11.978369431265582,11.621279813416274,11.902983665466309,19240848,0.0,0.0
2008-05-12 00:00:00-04:00,12.002173465716645,12.379102267666395,11.978368571754675,12.347360610961914,32499403,0.0,0.0
2008-05-13 00:00:00-04:00,12.295783793781668,12.506070300475084,12.184689764941997,12.46242618560791,31457290,0.0,0.0
2008-05-14 00:00:00-04:00,12.418780901047313,12.660808150737065,12.335460162504207,12.387040138244629,27652601,0.0,0.0
2008-05-15 00:00:00-04:00,12.359265076779135,12.672711515564398,12.24420357528014,12.668743133544922,27082361,0.0,0.0
2008-05-16 00:00:00-04:00,12.73222644710227,12.736194829398775,12.172787034364886,12.367201805114746,45081749,0.0,0.0
2008-05-19 00:00:00-04:00,12.37910484570693,12.446554756445574,12.160883382789091,12.2521390914917,21351211,0.0,0.0
2008-05-20 00:00:00-04:00,12.200558402128646,12.295781581416545,12.018045210723402,12.145010948181152,23808233,0.0,0.0
2008-05-21 00:00:00-04:00,12.224365712924183,12.275945690638629,11.815696970507998,11.930758476257324,36768125,0.0,0.0
2008-05-22 00:00:00-04:00,11.90695043847094,12.19262265515205,11.879177162800012,12.121204376220703,26068284,0.0,0.0
2008-05-23 00:00:00-04:00,11.974403381347654,12.073594961176617,11.879180183947453,11.974403381347656,23932498,0.0,0.0
2008-05-27 00:00:00-04:00,11.986304346471867,12.287846509366348,11.930756893007123,12.045819282531738,35916566,0.0,0.0
2008-05-28 00:00:00-04:00,12.053756101515209,12.121206912183174,11.545895775125123,11.764117240905762,36520308,0.0,0.0
2008-05-29 00:00:00-04:00,11.75221280169423,11.950596833039238,11.75221280169423,11.827598571777344,26621179,0.0,0.0
2008-05-30 00:00:00-04:00,11.827598650846138,11.918855251932241,11.724439601169054,11.906951904296875,24108322,0.0,0.0
2008-06-02 00:00:00-04:00,11.89901768710547,11.89901768710547,11.518121327345233,11.629217147827148,28965103,0.0,0.0
2008-06-03 00:00:00-04:00,11.700634068571565,11.998208775716536,11.458606819902535,11.61731243133545,40070290,0.0,0.0
2008-06-04 00:00:00-04:00,11.557797492705273,12.02201364023618,11.52208835080805,11.859338760375977,32440716,0.0,0.0
2008-06-05 00:00:00-04:00,11.938692686037466,12.025981804404578,11.795857009398281,11.926790237426758,22854744,0.0,0.0
2008-06-06 00:00:00-04:00,11.823632808551604,11.867276924196402,11.541928899522988,11.609378814697266,30475051,0.0,0.0
2008-06-09 00:00:00-04:00,11.589538314448822,11.744277330795507,11.319737805553075,11.533990859985352,29062282,0.0,0.0
2008-06-10 00:00:00-04:00,11.295931867214996,11.569700776137932,11.291964384283093,11.498283386230469,25985124,0.0,0.0
2008-06-11 00:00:00-04:00,11.410991988924165,11.470506918157005,10.966614210269979,10.998355865478516,48398170,0.0,0.0
2008-06-12 00:00:00-04:00,11.089613416263477,11.351479868171998,11.057872654760036,11.141193389892578,39682289,0.0,0.0
2008-06-13 00:00:00-04:00,11.280062602593487,11.383221660145832,11.109452735032125,11.260223388671875,40990752,0.0,0.0
2008-06-16 00:00:00-04:00,11.327675850118046,11.442738272989168,11.200710976012068,11.367352485656738,41291078,0.0,0.0
2008-06-17 00:00:00-04:00,11.38322316780926,11.510188040221308,11.303869897790587,11.430834770202637,34360049,0.0,0.0
2008-06-18 00:00:00-04:00,11.399091798419214,11.637151562463329,11.27609353442757,11.478445053100586,32103562,0.0,0.0
2008-06-19 00:00:00-04:00,11.498283605641568,11.629216838203657,11.240385522569417,11.573668479919434,26902260,0.0,0.0
2008-06-20 00:00:00-04:00,11.446703295214046,11.446703295214046,11.137226143989537,11.176902770996094,42555586,0.0,0.0
2008-06-23 00:00:00-04:00,11.27212739315623,11.276093977192774,10.907101867862252,11.002325057983398,35872373,0.0,0.0
2008-06-24 00:00:00-04:00,10.926939000559306,11.280061139375643,10.871392445344162,11.109451293945312,31050043,0.0,0.0
2008-06-25 00:00:00-04:00,11.14912593505224,11.347509022796528,11.109449317503383,11.172932624816895,30137422,0.0,0.0
2008-06-26 00:00:00-04:00,11.081678047605271,11.089613012931443,10.915036583400978,10.94677734375,36927792,0.0,0.0
2008-06-27 00:00:00-04:00,10.89916630953222,11.105484408977707,10.772201463572594,10.954712867736816,33691918,0.0,0.0
2008-06-30 00:00:00-04:00,10.883295975170348,10.966616715320026,10.669042001182303,10.843619346618652,31461329,0.0,0.0
2008-07-01 00:00:00-04:00,10.720621003159481,11.085645593027955,10.700782690687404,11.006292343139648,38132899,0.0,0.0
2008-07-02 00:00:00-04:00,11.105484261383129,11.105484261383129,10.72458882952206,10.756330490112305,28753164,0.0,0.0
2008-07-03 00:00:00-04:00,10.756329548565486,10.887262763233641,10.61349388650114,10.633331298828125,15611270,0.0,0.0
2008-07-07 00:00:00-04:00,10.669043898841762,10.81187960722459,10.40717828363248,10.680946350097656,33406798,0.0,0.0
2008-07-08 00:00:00-04:00,10.712687999268331,11.37925583593618,10.59762557639721,11.367352485656738,44823240,0.0,0.0
2008-07-09 00:00:00-04:00,11.4149647663733,11.557800471733831,11.089615821838379,11.089615821838379,40913057,0.0,0.0
2008-07-10 00:00:00-04:00,11.133257510762565,11.307834845459876,10.90313361874534,11.180869102478027,29244996,0.0,0.0
2008-07-11 00:00:00-04:00,11.03406443867179,11.280060026393473,10.79997309581988,11.113418579101562,32295542,0.0,0.0
2008-07-14 00:00:00-04:00,11.228483120234714,11.268159751741472,10.772202756951481,10.907102584838867,29564330,0.0,0.0
2008-07-15 00:00:00-04:00,10.748394887975422,10.958681371672263,10.29608115826059,10.669041633605957,43966217,0.0,0.0
2008-07-16 00:00:00-04:00,10.855521656247559,11.240384556761175,10.609526043334938,11.149127960205078,50827154,0.0,0.0
2008-07-17 00:00:00-04:00,9.673159123829025,9.867573872848604,9.331939419492784,9.601740837097168,189775159,0.0,0.0
2008-07-18 00:00:00-04:00,9.550162137022916,9.629515399954151,9.415262309275407,9.514453887939453,54655128,0.0,0.0
2008-07-21 00:00:00-04:00,9.530323192058008,9.605708060518419,9.48271070250768,9.54619312286377,39347035,0.0,0.0
2008-07-22 00:00:00-04:00,9.431131496000186,9.962798495358358,9.431131496000186,9.935025215148926,44804945,0.0,0.0
2008-07-23 00:00:00-04:00,10.109600980207725,10.367499046961996,9.970732790416964,10.069924354553223,31142470,0.0,0.0
2008-07-24 00:00:00-04:00,10.00247594124384,10.081829211511442,9.593808037837016,9.677128791809082,40402692,0.0,0.0
2008-07-25 00:00:00-04:00,9.681093652486966,10.089763281208198,9.681093652486966,10.077860832214355,45524635,0.0,0.0
2008-07-28 00:00:00-04:00,10.069924105022578,10.109600729693902,9.736641177018921,9.831864356994629,26519724,0.0,0.0
2008-07-29 00:00:00-04:00,9.89137886001351,10.34766002371423,9.88741137752932,10.125471115112305,37233346,0.0,0.0
2008-07-30 00:00:00-04:00,10.125472607895315,10.331790717933346,9.950896160499024,10.113569259643555,27794686,0.0,0.0
2008-07-31 00:00:00-04:00,9.958831409235442,10.236567818576406,9.92708974569298,9.986604690551758,28564272,0.0,0.0
2008-08-01 00:00:00-04:00,10.030249274683518,10.0342158586515,9.46684061463493,9.752511978149414,58029998,0.0,0.0
2008-08-04 00:00:00-04:00,9.716802613466774,10.030249048121195,9.641417740800751,9.93899154663086,24542179,0.0,0.0
2008-08-05 00:00:00-04:00,10.089763160603113,10.192923111583125,9.927089167276453,10.161181449890137,33697858,0.0,0.0
2008-08-06 00:00:00-04:00,10.085794109128077,10.15721238730826,9.927087623433685,10.093729972839355,38987309,0.0,0.0
2008-08-07 00:00:00-04:00,10.105634887477109,10.284179727481144,9.935025913122166,10.101667404174805,33491383,0.0,0.0
2008-08-08 00:00:00-04:00,10.109600832875108,10.522237913477232,10.002473405742558,10.458755493164062,28380845,0.0,0.0
2008-08-11 00:00:00-04:00,10.347660936535368,10.71665302291313,10.181018566100308,10.613494873046875,27599854,0.0,0.0
2008-08-12 00:00:00-04:00,10.542077274195568,10.62539801533131,10.307984983161294,10.335759162902832,30153578,0.0,0.0
2008-08-13 00:00:00-04:00,10.272276642856676,10.470658887114316,10.145310891716697,10.236567497253418,31384109,0.0,0.0
2008-08-14 00:00:00-04:00,10.22863172511879,10.427014870225051,10.125472669472423,10.335759162902832,31788979,0.0,0.0
2008-08-15 00:00:00-04:00,10.315919262448372,10.502398131517248,10.284177604493479,10.3079833984375,26143366,0.0,0.0
2008-08-18 00:00:00-04:00,10.224663835171897,10.35162958241442,10.042151528745444,10.121504783630371,30272141,0.0,0.0
2008-08-19 00:00:00-04:00,10.03818344780579,10.228631624858822,10.03818344780579,10.073892593383789,23598194,0.0,0.0
2008-08-20 00:00:00-04:00,10.026280481812837,10.073892074099621,9.82392896698305,9.90328311920166,30506652,0.0,0.0
2008-08-21 00:00:00-04:00,9.831864451517303,9.831864451517303,9.60570804833424,9.728705406188965,30185179,0.0,0.0
2008-08-22 00:00:00-04:00,9.804092123466253,10.014378616237263,9.681093854650513,9.93105697631836,19982160,0.0,0.0
2008-08-25 00:00:00-04:00,9.867573697307048,9.875508662783039,9.76441465089738,9.827897071838379,19017742,0.0,0.0
2008-08-26 00:00:00-04:00,9.919154795809595,9.927089762186167,9.689029982355535,9.78425407409668,16967491,0.0,0.0
2008-08-27 00:00:00-04:00,9.788221236527283,9.958831099432839,9.708868878228554,9.871541976928711,15946286,0.0,0.0
2008-08-28 00:00:00-04:00,9.835833580806623,10.113569078240292,9.815995266772473,10.077860832214355,14979254,0.0,0.0
2008-08-29 00:00:00-04:00,9.938992863201955,10.002475295508852,9.800125548243157,9.89138126373291,24746990,0.0,0.0
2008-09-02 00:00:00-04:00,9.998505623582785,10.046117208349449,9.486677041642071,9.550159454345703,37736582,0.0,0.0
2008-09-03 00:00:00-04:00,9.585870169345343,9.708868431807222,9.546193542498127,9.617610931396484,28150848,0.0,0.0
2008-09-04 00:00:00-04:00,9.724739793334672,9.796157192734965,9.443035881103723,9.447003364562988,43129152,0.0,0.0
2008-09-05 00:00:00-04:00,9.276392334823878,9.70093279133267,9.220845775188844,9.431131362915039,54108648,0.0,0.0
2008-09-08 00:00:00-04:00,9.613643403894724,9.649352547700337,9.193072240119763,9.316069602966309,35996875,0.0,0.0
2008-09-09 00:00:00-04:00,9.32003832259035,9.439067319330203,9.002624368120903,9.006592750549316,34209648,0.0,0.0
2008-09-10 00:00:00-04:00,8.986753395278772,9.383519668674442,8.96294759868391,9.272425651550293,44264405,0.0,0.0
2008-09-11 00:00:00-04:00,9.109751378023766,9.300199561787181,9.0542039161724,9.13752555847168,42032390,0.0,0.0
2008-09-12 00:00:00-04:00,9.081975643596477,9.093879889230934,8.792336833360572,8.947075843811035,41257814,0.0,0.0
2008-09-15 00:00:00-04:00,8.665372710464135,9.00659151856268,8.609825253554053,8.72885513305664,36402221,0.0,0.0
2008-09-16 00:00:00-04:00,8.724887766273914,9.157363180694981,8.693146105033245,9.050235748291016,51850260,0.0,0.0
2008-09-17 00:00:00-04:00,8.891527702052795,9.070072492795653,8.633629670979778,8.697112083435059,48324989,0.0,0.0
2008-09-18 00:00:00-04:00,9.026430225080519,9.27639244349979,8.609825628670652,9.125621795654297,56129436,0.0,0.0
2008-09-19 00:00:00-04:00,9.403357979167799,9.443035509331883,8.764565296995581,9.193073272705078,55266473,0.0,0.0
2008-09-22 00:00:00-04:00,9.189105057633277,9.193073440053064,8.578085646504174,8.582052230834961,34278790,0.0,0.0
2008-09-23 00:00:00-04:00,8.66537194067643,8.784401809605008,8.518567896237938,8.522536277770996,41534143,0.0,0.0
2008-09-24 00:00:00-04:00,8.574117264084387,8.66140549451869,8.387637454045427,8.582052230834961,30962844,0.0,0.0
2008-09-25 00:00:00-04:00,8.66140427143706,8.97881818039428,8.43128037867687,8.87169075012207,35850514,0.0,0.0
2008-09-26 00:00:00-04:00,8.633631798739593,8.990721468230111,8.629664315554145,8.955012321472168,28451650,0.0,0.0
2008-09-29 00:00:00-04:00,8.839950428704492,8.990721990871695,7.915486335754395,7.9154863357543945,53559079,0.0,0.0
2008-09-30 00:00:00-04:00,8.125771277199306,8.887562193961049,8.054352985420953,8.879627227783203,48481805,0.0,0.0
2008-10-01 00:00:00-04:00,8.73679157978403,8.82011232117737,8.232897850229612,8.272575378417969,41177981,0.0,0.0
2008-10-02 00:00:00-04:00,7.8639055225517405,7.935322913621889,7.510783802586461,7.598071575164795,60477278,0.0,0.0
2008-10-03 00:00:00-04:00,7.68536033283189,7.982934130117091,7.510783447365187,7.5147504806518555,46623773,0.0,0.0
2008-10-06 00:00:00-04:00,7.340173696638436,7.340173696638436,6.625995270883461,7.098146438598633,88688002,0.0,0.0
2008-10-07 00:00:00-04:00,7.1854363748308145,7.328272076136338,6.542675269433685,6.546642303466797,53122133,0.0,0.0
2008-10-08 00:00:00-04:00,6.39983910837376,7.1774999930551715,6.356194095266329,6.748992919921875,76022734,0.0,0.0
2008-10-09 00:00:00-04:00,6.808506532861989,6.832313227483076,6.169713489346091,6.332387924194336,59635699,0.0,0.0
2008-10-10 00:00:00-04:00,6.007039422057644,6.8243772698134695,5.951491517584775,6.637897491455078,91729994,0.0,0.0
2008-10-13 00:00:00-04:00,7.006890171639131,7.189402920898697,6.637897639852222,7.181467056274414,56432376,0.0,0.0
2008-10-14 00:00:00-04:00,7.391753644395101,7.43936568909446,6.975149489461808,7.038631916046143,59708880,0.0,0.0
2008-10-15 00:00:00-04:00,6.7410554487735315,6.748991312468596,5.955458885617806,6.082424163818359,98327671,0.0,0.0
2008-10-16 00:00:00-04:00,5.8046874039497585,5.939588546752929,5.431728329578327,5.93958854675293,116042890,0.0,0.0
2008-10-17 00:00:00-04:00,5.776914193738597,7.157661000972607,5.657885226609056,6.090359687805176,58500446,0.0,0.0
2008-10-20 00:00:00-04:00,6.0943273469050006,6.249066818162275,5.888009250621128,6.137972354888916,35638812,0.0,0.0
2008-10-21 00:00:00-04:00,6.030845194146577,6.137972628920234,5.888009513492779,5.899913311004639,30737837,0.0,0.0
2008-10-22 00:00:00-04:00,5.880074409194204,6.014974671188628,5.812624053435895,5.963395595550537,47804645,0.0,0.0
2008-10-23 00:00:00-04:00,5.903879532752745,6.110197609881522,5.721367698808003,6.078456401824951,62860406,0.0,0.0
2008-10-24 00:00:00-04:00,5.649949361176166,6.114165479505321,5.622176085361159,5.9078474044799805,61141133,0.0,0.0
2008-10-27 00:00:00-04:00,5.828495167524275,6.098295704635865,5.757076875881671,5.765012741088867,40262983,0.0,0.0
2008-10-28 00:00:00-04:00,5.9872009685693515,6.320484366884663,5.713432510973438,6.2966790199279785,49028998,0.0,0.0
2008-10-29 00:00:00-04:00,6.296678911727271,6.383967579853545,5.975298417173929,6.014974594116211,38026930,0.0,0.0
2008-10-30 00:00:00-04:00,6.2411324858721855,6.316518723368927,5.963396933780624,6.106232643127441,38165926,0.0,0.0
2008-10-31 00:00:00-04:00,6.042748166250839,6.229227932320531,5.979265750081005,6.058618545532227,31496018,0.0,0.0
2008-11-03 00:00:00-05:00,5.923718383777572,6.078456955724717,5.884041308188605,5.9554595947265625,33929280,0.0,0.0
2008-11-04 00:00:00-05:00,6.062585684469185,6.260969249893966,5.9752979226119,6.249066352844238,27435672,0.0,0.0
2008-11-05 00:00:00-05:00,6.173681655284225,6.225260731145235,5.8324628416517585,5.840397357940674,30379774,0.0,0.0
2008-11-06 00:00:00-05:00,5.800720559548036,5.951490725929056,5.511081324740196,5.538854598999023,42951902,0.0,0.0
2008-11-07 00:00:00-05:00,5.62217717752508,5.757076999454211,5.522985153617051,5.6301116943359375,26579362,0.0,0.0
2008-11-10 00:00:00-05:00,5.796753520419944,5.804688036466593,5.3087306618276395,5.439663887023926,33378761,0.0,0.0
2008-11-11 00:00:00-05:00,5.372212943033335,5.407922082260074,5.094476142483202,5.177797317504883,48921127,0.0,0.0
2008-11-12 00:00:00-05:00,5.118284012123419,5.177798508655719,4.876256295121629,4.880224227905273,34527557,0.0,0.0
2008-11-13 00:00:00-05:00,4.876256000447442,5.471405425027677,4.5191663456993005,5.463470458984375,69752707,0.0,0.0
2008-11-14 00:00:00-05:00,5.2531845431569915,5.392052295989013,4.904029846191406,4.904029846191406,59095634,0.0,0.0
2008-11-17 00:00:00-05:00,4.8881584775281635,5.034962079503506,4.713581597751737,4.8445143699646,50874912,0.0,0.0
2008-11-18 00:00:00-05:00,4.991318703969294,5.011157468843043,4.654067792515825,4.880224227905273,48724632,0.0,0.0
2008-11-19 00:00:00-05:00,4.860385396908993,5.003221072477357,4.638196468353271,4.6381964683532715,56015150,0.0,0.0
2008-11-20 00:00:00-05:00,4.634228684377952,4.892126764844719,4.419974714642832,4.431877613067627,64500559,0.0,0.0
2008-11-21 00:00:00-05:00,4.554875045225545,4.7691289969156045,4.328718645635352,4.765161514282227,69022087,0.0,0.0
2008-11-24 00:00:00-05:00,4.840546836610162,5.138121997281898,4.745323198755638,5.078606605529785,64112558,0.0,0.0
2008-11-25 00:00:00-05:00,5.169861691564314,5.249214924565618,4.99131691731138,5.11034631729126,52697066,0.0,0.0
2008-11-26 00:00:00-05:00,5.0587684655181695,5.368245608835556,4.999253077006754,5.348407745361328,33211728,0.0,0.0
2008-11-28 00:00:00-05:00,5.280956737339078,5.296827565579829,5.138121081260841,5.209538459777832,17172302,0.0,0.0
2008-12-01 00:00:00-05:00,5.146056626013848,5.169862871058834,4.844514451621441,4.852449417114258,35860968,0.0,0.0
2008-12-02 00:00:00-05:00,4.9675121374963735,5.280957679772333,4.9675121374963735,5.261119365692139,56279599,0.0,0.0
2008-12-03 00:00:00-05:00,5.1381217748908545,5.519016759345051,5.098444698932702,5.407922744750977,51607433,0.0,0.0
2008-12-04 00:00:00-05:00,5.316666126251221,5.491242997502094,5.16589459943718,5.316666126251221,48176251,0.0,0.0
2008-12-05 00:00:00-05:00,5.21747415823673,5.546789563346053,5.070670574984996,5.538854598999023,48859826,0.0,0.0
2008-12-08 00:00:00-05:00,5.574564370633852,5.761044145395064,5.522984399379391,5.657885551452637,40893336,0.0,0.0
2008-12-09 00:00:00-05:00,5.626142978668213,5.8086557198514965,5.515048970243513,5.626142978668213,40623660,0.0,0.0
2008-12-10 00:00:00-05:00,5.578532530702035,5.645982895603783,5.249217021612528,5.471405982971191,43337290,0.0,0.0
2008-12-11 00:00:00-05:00,5.44363269994305,5.63011206285434,5.344440669542417,5.471405982971191,36340445,0.0,0.0
2008-12-12 00:00:00-05:00,5.396019320860038,5.71739978386261,5.312698143751195,5.66185188293457,39860014,0.0,0.0
2008-12-15 00:00:00-05:00,5.638047071177528,5.697561561129862,5.459502252753965,5.519016742706299,33452892,0.0,0.0
2008-12-16 00:00:00-05:00,5.5705969956936645,6.066554399979648,5.5705969956936645,6.018942356109619,58156639,0.0,0.0
2008-12-17 00:00:00-05:00,5.955458471474053,6.141939118242645,5.903878957220027,5.959426403045654,37392062,0.0,0.0
2008-12-18 00:00:00-05:00,6.018941878052207,6.038780640151041,5.665820183900964,5.796753406524658,34072315,0.0,0.0
2008-12-19 00:00:00-05:00,5.717400740010243,5.8403976612134585,5.661852829792667,5.73327112197876,42496898,0.0,0.0
2008-12-22 00:00:00-05:00,5.745173369908199,5.7808825119554035,5.455534099435011,5.594401836395264,26177105,0.0,0.0
2008-12-23 00:00:00-05:00,5.685659810741498,5.685659810741498,5.2888930493411905,5.403955459594727,37592359,0.0,0.0
2008-12-24 00:00:00-05:00,5.407922322698301,5.459501843135175,5.376180664409006,5.415856838226318,6294262,0.0,0.0
2008-12-26 00:00:00-05:00,5.435695632831958,5.5428230559336225,5.368245282835812,5.396019458770752,8176766,0.0,0.0
2008-12-29 00:00:00-05:00,5.4198247165808535,5.459501789049403,5.2016037398977994,5.316666126251221,17495914,0.0,0.0
2008-12-30 00:00:00-05:00,5.348406913750178,5.538854598999023,5.30476191270884,5.538854598999023,22559170,0.0,0.0
2008-12-31 00:00:00-05:00,5.4515654959605735,5.649949044600674,5.380148119704634,5.538854598999023,24617261,0.0,0.0
2009-01-02 00:00:00-05:00,5.566628640687629,5.840397085499608,5.479340874181802,5.816591739654541,21384950,0.0,0.0
2009-01-05 00:00:00-05:00,5.804687315495619,5.899912284760383,5.653917144625839,5.860235214233398,24705886,0.0,0.0
2009-01-06 00:00:00-05:00,5.864203594628374,6.141939962907772,5.848332765203544,6.022909641265869,30629016,0.0,0.0
2009-01-07 00:00:00-05:00,5.768980018316588,5.856268239170027,5.701529661684403,5.788817882537842,23087354,0.0,0.0
2009-01-08 00:00:00-05:00,5.737238737418712,5.872138999542879,5.665820449181112,5.820559024810791,24447852,0.0,0.0
2009-01-09 00:00:00-05:00,5.800722011419525,5.84833360750693,5.582500098248533,5.6301116943359375,22111294,0.0,0.0
2009-01-12 00:00:00-05:00,5.689627113849168,5.713432460595952,5.5269526742705235,5.558693885803223,24921626,0.0,0.0
2009-01-13 00:00:00-05:00,5.594401802731594,5.6618521542359,5.4952111405996416,5.6063055992126465,40279378,0.0,0.0
2009-01-14 00:00:00-05:00,5.431728846519302,5.447599226960202,5.070671285797812,5.126217842102051,48435710,0.0,0.0
2009-01-15 00:00:00-05:00,5.189702433690471,5.396020558764759,5.090510404989335,5.33253812789917,43979522,0.0,0.0
2009-01-16 00:00:00-05:00,5.43172922639958,5.4396641924138915,5.11828368412362,5.261119365692139,45996746,0.0,0.0
2009-01-20 00:00:00-05:00,5.24128156220344,5.284926580410427,4.967513047460339,4.979416847229004,34458653,0.0,0.0
2009-01-21 00:00:00-05:00,5.110348386723152,5.292861166247816,5.046865954423775,5.269055366516113,43087810,0.0,0.0
2009-01-22 00:00:00-05:00,4.749291282129061,4.749291282129061,4.539005236142161,4.630260944366455,103109609,0.0,0.0
2009-01-23 00:00:00-05:00,4.535036895093753,4.8207082415273295,4.495360718775473,4.761193752288818,47376014,0.0,0.0
2009-01-26 00:00:00-05:00,4.7611932914293345,4.832611570646981,4.606454735342756,4.70961332321167,27836978,0.0,0.0
2009-01-27 00:00:00-05:00,4.729452306079762,4.8326117978427945,4.681840267536989,4.796902656555176,27215892,0.0,0.0
2009-01-28 00:00:00-05:00,4.919899231809751,5.138121097980593,4.87625512828886,5.0468645095825195,32562367,0.0,0.0
2009-01-29 00:00:00-05:00,4.9794167244861605,5.066704511137035,4.84451553802346,4.860386371612549,30596465,0.0,0.0
2009-01-30 00:00:00-05:00,4.923867850873945,4.923867850873945,4.74929096290235,4.769129276275635,29105287,0.0,0.0
2009-02-02 00:00:00-05:00,4.749290820008028,4.9159318381898665,4.733419989978037,4.852449417114258,25870601,0.0,0.0
2009-02-03 00:00:00-05:00,4.860385326159424,5.126217910657569,4.816741217460553,5.094476699829102,39930818,0.0,0.0
2009-02-04 00:00:00-05:00,5.114315672709509,5.1857339619144,4.943706713678008,4.999253273010254,28186013,0.0,0.0
2009-02-05 00:00:00-05:00,4.951640361647701,5.265086293640218,4.896093812057,5.241279602050781,35869997,0.0,0.0
2009-02-06 00:00:00-05:00,5.16192712142137,5.431728990325868,5.157959638586648,5.407922744750977,29358806,0.0,0.0
2009-02-09 00:00:00-05:00,5.372213319210415,5.546790196653371,5.316666314828542,5.495211124420166,22490978,0.0,0.0
2009-02-10 00:00:00-05:00,5.431729957340437,5.507115291276358,5.265088006737568,5.2968292236328125,51824362,0.0,0.0
2009-02-11 00:00:00-05:00,5.3325383735913805,5.407923707527302,5.249217173528812,5.2968292236328125,35012023,0.0,0.0
2009-02-12 00:00:00-05:00,5.249217056537972,5.308731555938721,5.118284258811809,5.308731555938721,41892682,0.0,0.0
2009-02-13 00:00:00-05:00,5.312698762962935,5.364278737932565,5.181765983128006,5.2333455085754395,20521274,0.0,0.0
2009-02-17 00:00:00-05:00,5.046864815847005,5.046864815847005,4.87228794164727,4.888158321380615,27282182,0.0,0.0
2009-02-18 00:00:00-05:00,4.8921259538303,5.038929542124946,4.800870264527799,4.955608367919922,24277255,0.0,0.0
2009-02-19 00:00:00-05:00,5.0151237455569975,5.062735335595941,4.792934826968032,4.824676036834717,25549603,0.0,0.0
2009-02-20 00:00:00-05:00,4.781032536204192,4.900061975929374,4.741355456932831,4.83261251449585,33453130,0.0,0.0
2009-02-23 00:00:00-05:00,4.860384530336603,4.884189872657419,4.546939057112795,4.574713230133057,33712351,0.0,0.0
2009-02-24 00:00:00-05:00,4.610421967375196,4.7135814587447245,4.4993275108806055,4.685808181762695,40542163,0.0,0.0
2009-02-25 00:00:00-05:00,4.622325356382408,4.820707558429444,4.5985186650160665,4.654066562652588,46282579,0.0,0.0
2009-02-26 00:00:00-05:00,4.717549936349892,4.788967327866838,4.523134277861215,4.542973041534424,27520258,0.0,0.0
2009-02-27 00:00:00-05:00,4.463618240613471,4.475522036523203,4.166044020888812,4.31284761428833,71131262,0.0,0.0
2009-03-02 00:00:00-05:00,4.2176242068370815,4.352524011267388,4.07875557118838,4.166044235229492,59614078,0.0,0.0
2009-03-03 00:00:00-05:00,4.118433187574385,4.257300942462867,4.114465254877886,4.134303569793701,49389199,0.0,0.0
2009-03-04 00:00:00-05:00,4.225559100675433,4.360459801868545,4.134302955525814,4.289041519165039,52590622,0.0,0.0
2009-03-05 00:00:00-05:00,4.209688632418256,4.28110692124835,4.134303310185222,4.150174140930176,54401371,0.0,0.0
2009-03-06 00:00:00-05:00,4.181915924858802,4.2057212751876945,3.931952778810395,4.138271808624268,54302530,0.0,0.0
2009-03-09 00:00:00-04:00,4.074789047241211,4.300945925669248,4.054950282936216,4.074789047241211,35024854,0.0,0.0
2009-03-10 00:00:00-04:00,4.205720648970638,4.423942546217611,4.150174090603475,4.404104232788086,43926300,0.0,0.0
2009-03-11 00:00:00-04:00,4.467586298844403,4.662001485200173,4.364427706587756,4.614389896392822,42883949,0.0,0.0
2009-03-12 00:00:00-04:00,4.721517829113037,4.844514746481849,4.586617114213943,4.816741466522217,46448424,0.0,0.0
2009-03-13 00:00:00-04:00,4.848482775207879,4.860385673929958,4.618358418332891,4.733420372009277,38451758,0.0,0.0
2009-03-16 00:00:00-04:00,4.761193881679479,4.788967160904826,4.5786811281400634,4.5866169929504395,30720730,0.0,0.0
2009-03-17 00:00:00-04:00,4.590584597201831,4.828644365008089,4.590584597201831,4.816741466522217,28158689,0.0,0.0
2009-03-18 00:00:00-04:00,4.7611944068780545,4.95957756335492,4.7016794599349945,4.848483085632324,29840659,0.0,0.0
2009-03-19 00:00:00-04:00,4.907997632037199,4.9119651150340555,4.77706439983004,4.856417655944824,29445293,0.0,0.0
2009-03-20 00:00:00-04:00,4.904029181373714,4.9397383226613325,4.7532585501122275,4.796902656555176,36283896,0.0,0.0
2009-03-23 00:00:00-04:00,4.943706717233181,5.181766033172607,4.8603855296082905,5.181766033172607,32703502,0.0,0.0
2009-03-24 00:00:00-04:00,5.118283744080261,5.1539928896518,4.975448060838535,5.0071892738342285,27257947,0.0,0.0
2009-03-25 00:00:00-04:00,5.062735763617067,5.165895266307965,4.896094734870189,5.038930416107178,27889963,0.0,0.0
2009-03-26 00:00:00-04:00,5.118282387107702,5.233344309901845,5.070670355476083,5.197635173797607,31563972,0.0,0.0
2009-03-27 00:00:00-04:00,5.090509496522094,5.173829778831632,5.034962042286179,5.09844446182251,26540395,0.0,0.0
2009-03-30 00:00:00-04:00,4.999253124310003,5.066703479040455,4.848482483537301,4.951641082763672,31095900,0.0,0.0
2009-03-31 00:00:00-04:00,4.983382701873779,5.038930612667315,4.93577110595234,4.983382701873779,32820876,0.0,0.0
2009-04-01 00:00:00-04:00,4.900060905260232,5.376180358217195,4.872287630122111,5.209538459777832,58662965,0.0,0.0
2009-04-02 00:00:00-04:00,5.3603103177368645,5.5467900889609405,5.221442584717254,5.396019458770752,63360317,0.0,0.0
2009-04-03 00:00:00-04:00,5.47537231748281,5.804687280912457,5.407921972271982,5.677722454071045,44078364,0.0,0.0
2009-04-06 00:00:00-04:00,5.574565446534765,5.673757026518778,5.455535101031699,5.562661647796631,30029076,0.0,0.0
2009-04-07 00:00:00-04:00,5.519016536631152,5.526952401024728,5.376180867034532,5.392051696777344,28040839,0.0,0.0
2009-04-08 00:00:00-04:00,5.427760787423123,5.54282317816103,5.332537158436527,5.534887313842773,26412091,0.0,0.0
2009-04-09 00:00:00-04:00,5.7412045513147465,5.967361367144659,5.653916799571003,5.959426403045654,41263279,0.0,0.0
2009-04-13 00:00:00-04:00,5.804688930511475,5.840398079159914,5.7054982494461495,5.804688930511475,25849692,0.0,0.0
2009-04-14 00:00:00-04:00,5.761045233383602,5.816592697753077,5.6420148883744075,5.705498218536377,30270002,0.0,0.0
2009-04-15 00:00:00-04:00,5.733270693949555,5.840397225186501,5.649949958649223,5.6816911697387695,57637483,0.0,0.0
2009-04-16 00:00:00-04:00,5.828494046829962,5.840396493785523,5.5745639403914256,5.717399597167969,44320003,0.0,0.0
2009-04-17 00:00:00-04:00,5.681692219807687,5.749142586790262,5.475374084833603,5.709465503692627,41464051,0.0,0.0
2009-04-20 00:00:00-04:00,5.665820410833855,5.665820410833855,5.471405209508987,5.578531742095947,32248260,0.0,0.0
2009-04-21 00:00:00-04:00,5.495211009952114,5.681690780912277,5.423792727985412,5.669787883758545,45853711,0.0,0.0
2009-04-22 00:00:00-04:00,5.642014562109134,5.991169261631126,5.578532134662711,5.864204406738281,73124964,0.0,0.0
2009-04-23 00:00:00-04:00,6.36016121389024,6.685509634645855,6.288742927988091,6.594252586364746,143259970,0.0,0.0
2009-04-24 00:00:00-04:00,6.586318487830338,6.721219203615879,6.379999931138067,6.657736778259277,76075006,0.0,0.0
2009-04-27 00:00:00-04:00,6.431579936126679,6.610124763950615,6.3879349256452915,6.534738540649414,45981302,0.0,0.0
2009-04-28 00:00:00-04:00,6.411741472772987,6.574415926568939,6.391903157640961,6.4276123046875,50344826,0.0,0.0
2009-04-29 00:00:00-04:00,6.451417351284918,6.665671324482524,6.407773689370162,6.534738540649414,47148156,0.0,0.0
2009-04-30 00:00:00-04:00,6.625995145599416,6.76883082804968,6.52283564203226,6.534738540649414,44241358,0.0,0.0
2009-05-01 00:00:00-04:00,6.399838003395216,6.6140910534472805,6.376031309794479,6.5506086349487305,33736111,0.0,0.0
2009-05-04 00:00:00-04:00,6.558544544013262,6.685509840102945,6.506965018904946,6.6418657302856445,29930234,0.0,0.0
2009-05-05 00:00:00-04:00,6.590285413119865,6.852151406979554,6.570447100684532,6.820409297943115,47346077,0.0,0.0
2009-05-06 00:00:00-04:00,6.8719885679492565,6.991018430402873,6.669637981586958,6.804537773132324,49392763,0.0,0.0
2009-05-07 00:00:00-04:00,6.923569152178082,6.975149126808593,6.5228353999647855,6.6418657302856445,47031494,0.0,0.0
2009-05-08 00:00:00-04:00,6.6934442937183745,6.975148593100406,6.665670567086039,6.8957953453063965,41299870,0.0,0.0
2009-05-11 00:00:00-04:00,6.764862540500054,6.939439415008403,6.693444258246202,6.836280822753906,26638286,0.0,0.0
2009-05-12 00:00:00-04:00,6.832313423751735,6.923569125924715,6.697412263360372,6.772797584533691,22504284,0.0,0.0
2009-05-13 00:00:00-04:00,6.673606603869829,6.709314847065085,6.3919022972029955,6.415708541870117,40163429,0.0,0.0
2009-05-14 00:00:00-04:00,6.50299709818927,6.776765554805059,6.459352988293508,6.681541919708252,42499037,0.0,0.0
2009-05-15 00:00:00-04:00,6.705348266558728,6.772797724341255,6.598220832608131,6.709315299987793,31801097,0.0,0.0
2009-05-18 00:00:00-04:00,6.748992406157491,7.02276086807251,6.709315328863064,7.02276086807251,37316268,0.0,0.0
2009-05-19 00:00:00-04:00,7.042599322988479,7.165596234363559,6.887859852123894,7.090210914611816,34461029,0.0,0.0
2009-05-20 00:00:00-04:00,7.070372739747498,7.280658771933442,6.967213240329466,7.026728630065918,28102615,0.0,0.0
2009-05-21 00:00:00-04:00,6.947374327312064,6.983082566812749,6.7053471201318935,6.804537773132324,33387552,0.0,0.0
2009-05-22 00:00:00-04:00,6.792636188976585,6.983083453662576,6.689477591079976,6.88785982131958,30115800,0.0,0.0
2009-05-26 00:00:00-04:00,6.800572984728291,7.034664390100341,6.725186755947233,6.9592790603637695,35314963,0.0,0.0
2009-05-27 00:00:00-04:00,6.939439430570031,6.979116503867901,6.681541376027906,6.713282585144043,44821814,0.0,0.0
2009-05-28 00:00:00-04:00,6.733121170336442,6.923568882285902,6.550608873368665,6.879924774169922,40890010,0.0,0.0
2009-05-29 00:00:00-04:00,6.875957324298465,6.991019725799561,6.828345730112558,6.9910197257995605,31692514,0.0,0.0
2009-06-01 00:00:00-04:00,7.0902106920477515,7.296529230853817,7.014824925140211,7.237014293670654,36216893,0.0,0.0
2009-06-02 00:00:00-04:00,7.244949728269075,7.260820559021413,7.078308702502715,7.125920295715332,39391229,0.0,0.0
2009-06-03 00:00:00-04:00,7.1973379396673485,7.240982051494025,6.99895479586934,7.129887580871582,79740936,0.0,0.0
2009-06-04 00:00:00-04:00,7.082275005591635,7.185434495799751,7.070372108515893,7.141790390014648,44922557,0.0,0.0
2009-06-05 00:00:00-04:00,7.149726452560355,7.197338048171881,6.96721368780136,7.078309059143066,44495114,0.0,0.0
2009-06-08 00:00:00-04:00,7.08227499775723,7.121952070502731,6.8957952282252055,6.998953819274902,29259252,0.0,0.0
2009-06-09 00:00:00-04:00,7.07830860453603,7.110049816079196,6.991019486128485,7.026728630065918,29728512,0.0,0.0
2009-06-10 00:00:00-04:00,7.133856206086335,7.141792072035406,6.8759580941096194,6.994988441467285,40766220,0.0,0.0
2009-06-11 00:00:00-04:00,7.042599627273746,7.201305688745628,6.9910196515829055,7.094179153442383,78608059,0.0,0.0
2009-06-12 00:00:00-04:00,7.1179849657951895,7.121952898292011,6.923569309594853,7.062437057495117,25859909,0.0,0.0
2009-06-15 00:00:00-04:00,6.998954021226436,7.038631095116802,6.776765104573379,6.903730392456055,36715378,0.0,0.0
2009-06-16 00:00:00-04:00,6.923568585724845,7.006889765180288,6.752959643298464,6.836280822753906,33736586,0.0,0.0
2009-06-17 00:00:00-04:00,6.820409763413931,6.8957959851440975,6.745024440728167,6.780733585357666,37855382,0.0,0.0
2009-06-18 00:00:00-04:00,6.768830122909226,6.8402475071722675,6.697411839601858,6.792635917663574,35918942,0.0,0.0
2009-06-19 00:00:00-04:00,6.887860369189527,6.935472413909244,6.812475043778675,6.856119155883789,33094116,0.0,0.0
2009-06-22 00:00:00-04:00,6.780733642425745,6.848183999781254,6.499029314534435,6.526803493499756,38915791,0.0,0.0
2009-06-23 00:00:00-04:00,6.475223554818504,6.578382151491177,6.379999474083122,6.514899730682373,39878546,0.0,0.0
2009-06-24 00:00:00-04:00,6.554576691822132,6.7926364563328585,6.522835479791808,6.649800777435303,32389632,0.0,0.0
2009-06-25 00:00:00-04:00,6.625995052972882,6.808506911754872,6.582350492623823,6.800572395324707,26127684,0.0,0.0
2009-06-26 00:00:00-04:00,6.772797647831428,6.943407953730366,6.760895199112088,6.883893013000488,67207061,0.0,0.0
2009-06-29 00:00:00-04:00,6.915633998845954,7.018792596742562,6.840247780386992,6.88785982131958,124068067,0.0,0.0
2009-06-30 00:00:00-04:00,6.832314258444057,6.931505837518223,6.67757476575721,6.796605110168457,61807838,0.0,0.0
2009-07-01 00:00:00-04:00,6.824377807678702,6.848184054329084,6.637898014622854,6.657736778259277,38312525,0.0,0.0
2009-07-02 00:00:00-04:00,6.5982205057250765,6.5982205057250765,6.435546520426999,6.483158111572266,33622301,0.0,0.0
2009-07-06 00:00:00-04:00,6.479191899622649,6.546641357933747,6.395870711293302,6.526803493499756,42490958,0.0,0.0
2009-07-07 00:00:00-04:00,6.546640934039675,6.582350076657549,6.2887428693079865,6.312549114227295,43955762,0.0,0.0
2009-07-08 00:00:00-04:00,6.364129407375506,6.506965085997796,6.296679050989681,6.356193542480469,42324401,0.0,0.0
2009-07-09 00:00:00-04:00,6.379998990808663,6.447449338760124,6.257001191715495,6.38396692276001,42248131,0.0,0.0
2009-07-10 00:00:00-04:00,6.352225618027484,6.518867542978013,6.352225618027484,6.467288017272949,38868984,0.0,0.0
2009-07-13 00:00:00-04:00,6.467288021597092,6.665671158689364,6.387934766760183,6.649800777435303,42295889,0.0,0.0
2009-07-14 00:00:00-04:00,6.665671185571235,6.796604416197933,6.610124626196906,6.780733585357666,53740606,0.0,0.0
2009-07-15 00:00:00-04:00,6.832313110990562,7.121952383339183,6.792636036502218,7.074340343475342,60581110,0.0,0.0
2009-07-16 00:00:00-04:00,6.994988266404216,7.479043262058249,6.987052400653757,7.371915817260742,79991842,0.0,0.0
2009-07-17 00:00:00-04:00,7.423494958728914,7.4274628913958285,7.264788890107922,7.360012531280518,29496852,0.0,0.0
2009-07-20 00:00:00-04:00,7.3798503770078945,7.490944842742879,7.29256170767248,7.47110652923584,29328869,0.0,0.0
2009-07-21 00:00:00-04:00,7.498879874983097,7.534589019421102,7.356044196275476,7.510783672332764,46220090,0.0,0.0
2009-07-22 00:00:00-04:00,7.4393642439369705,7.736939353121005,7.419525483770713,7.717100143432617,82395878,0.0,0.0
2009-07-23 00:00:00-04:00,8.34399163498038,8.558245582984567,8.220994281195633,8.538406372070312,138009722,0.0,0.0
2009-07-24 00:00:00-04:00,8.431280333746042,8.502697721169222,8.359862047278495,8.427312850952148,45697846,0.0,0.0
2009-07-27 00:00:00-04:00,8.474925047507698,8.712984820666403,8.427313452493731,8.63759994506836,44204292,0.0,0.0
2009-07-28 00:00:00-04:00,8.490796443777981,8.724888749434438,8.470958128028187,8.665373802185059,45784807,0.0,0.0
2009-07-29 00:00:00-04:00,8.566181865682099,8.752661666324302,8.459055324724995,8.490796089172363,34267147,0.0,0.0
2009-07-30 00:00:00-04:00,8.601889050845015,8.752659670439536,8.534438256066933,8.593954086303711,39052649,0.0,0.0
2009-07-31 00:00:00-04:00,8.597923546947356,8.597923546947356,8.427314559858605,8.431282043457031,42835716,0.0,0.0
2009-08-03 00:00:00-04:00,8.808206684007141,8.816142547200455,8.617758553986437,8.74472427368164,60635282,0.0,0.0
2009-08-04 00:00:00-04:00,8.66934128552612,8.752662031866352,8.558247256753972,8.665373802185059,37388974,0.0,0.0
2009-08-05 00:00:00-04:00,8.61776081922884,8.69711407775536,8.403506841398352,8.574116706848145,49181774,0.0,0.0
2009-08-06 00:00:00-04:00,8.514602825444191,8.970883171686001,8.486828645000092,8.915336608886719,62619955,0.0,0.0
2009-08-07 00:00:00-04:00,9.022461607778627,9.181167201700069,8.935172497220883,8.947075843811035,55578917,0.0,0.0
2009-08-10 00:00:00-04:00,8.990719165863828,8.990719165863828,8.788368584779878,8.923269271850586,31006325,0.0,0.0
2009-08-11 00:00:00-04:00,8.871689485159877,8.923269451533978,8.728853830874069,8.77646541595459,37859422,0.0,0.0
2009-08-12 00:00:00-04:00,8.788370406784239,8.966915232823196,8.752661261767566,8.86375617980957,35102786,0.0,0.0
2009-08-13 00:00:00-04:00,8.951043921114174,8.955011403893092,8.732822478785677,8.792337417602539,35779471,0.0,0.0
2009-08-14 00:00:00-04:00,8.776465810239106,8.79630412142127,8.530472010242262,8.586018562316895,36561175,0.0,0.0
2009-08-17 00:00:00-04:00,8.375733680515024,8.51063440175146,8.157513115485509,8.268607139587402,47988547,0.0,0.0
2009-08-18 00:00:00-04:00,8.296380116601272,8.36779840729689,8.232897691007624,8.316219329833984,28196230,0.0,0.0
2009-08-19 00:00:00-04:00,8.213059044796175,8.41541056057197,8.153544104637266,8.383668899536133,34806499,0.0,0.0
2009-08-20 00:00:00-04:00,8.34399291837271,8.526505235839549,8.34399291837271,8.490796089172363,21965882,0.0,0.0
2009-08-21 00:00:00-04:00,8.562213101174802,8.768531185862857,8.45111819462319,8.760595321655273,38016000,0.0,0.0
2009-08-24 00:00:00-04:00,8.756628855429701,8.891528659278345,8.756628855429701,8.820111274719238,25257830,0.0,0.0
2009-08-25 00:00:00-04:00,8.828047626703883,8.935174169892209,8.764565197442487,8.85185432434082,25630387,0.0,0.0
2009-08-26 00:00:00-04:00,8.79630764640704,8.855822603803244,8.637601992395144,8.83598518371582,38556540,0.0,0.0
2009-08-27 00:00:00-04:00,8.808210237246444,8.951045942859912,8.732824451242386,8.891530990600586,29877250,0.0,0.0
2009-08-28 00:00:00-04:00,8.935175124867254,9.101817530913882,8.871692688820971,8.911369323730469,32219273,0.0,0.0
2009-08-31 00:00:00-04:00,8.812174213657444,8.84788335060964,8.70901518394104,8.784400939941406,23652130,0.0,0.0
2009-09-01 00:00:00-04:00,8.784401898008909,9.197038061878535,8.534438811125614,8.601889610290527,90781495,0.0,0.0
2009-09-02 00:00:00-04:00,8.63363078624995,8.653469098895153,8.439215142518101,8.470956802368164,45127606,0.0,0.0
2009-09-03 00:00:00-04:00,8.439216467691285,8.530473978851072,8.395572352827466,8.50269889831543,32409353,0.0,0.0
2009-09-04 00:00:00-04:00,8.490795142134589,8.712984064661695,8.427312721276039,8.693145751953125,31235371,0.0,0.0
2009-09-08 00:00:00-04:00,8.732821937779413,8.76853107866619,8.57808382567723,8.66140365600586,29727562,0.0,0.0
2009-09-09 00:00:00-04:00,8.835982289105104,9.081976107094256,8.788369799358899,8.998656272888184,53210995,0.0,0.0
2009-09-10 00:00:00-04:00,9.117685923048933,9.371616523316897,9.105783474016564,9.327972412109375,50505682,0.0,0.0
2009-09-11 00:00:00-04:00,9.351777219144193,9.462871216226691,9.252584769645456,9.347808837890625,42083474,0.0,0.0
2009-09-14 00:00:00-04:00,9.280359852921187,9.462872143839677,9.268456506082108,9.450969696044922,32535281,0.0,0.0
2009-09-15 00:00:00-04:00,9.71283599817667,9.724739347052717,9.506517877318025,9.577936172485352,52838438,0.0,0.0
2009-09-16 00:00:00-04:00,9.700932045415238,9.732672805759755,9.518418852495833,9.649352073669434,62515886,0.0,0.0
2009-09-17 00:00:00-04:00,9.5422273244858,9.768383767875193,9.52635649183429,9.692998886108398,40844628,0.0,0.0
2009-09-18 00:00:00-04:00,9.728705940924385,9.815995060264912,9.641417720628255,9.657288551330566,50158073,0.0,0.0
2009-09-21 00:00:00-04:00,9.65728821829028,9.65728821829028,9.470807537296741,9.581901550292969,30784882,0.0,0.0
2009-09-22 00:00:00-04:00,9.69299658415321,9.716801478910378,9.546192540796332,9.700931549072266,33179414,0.0,0.0
2009-09-23 00:00:00-04:00,9.669192327771432,9.74854559313477,9.423197564762889,9.447003364562988,30710513,0.0,0.0
2009-09-24 00:00:00-04:00,9.558096607836193,9.581901504388092,9.208942841320876,9.339874267578125,38162837,0.0,0.0
2009-09-25 00:00:00-04:00,9.343843422782545,9.375584186523326,9.216877670686115,9.304166793823242,30476714,0.0,0.0
2009-09-28 00:00:00-04:00,9.34780974197029,9.526354550056473,9.316068982181562,9.490645408630371,25741346,0.0,0.0
2009-09-29 00:00:00-04:00,9.447002232228114,9.506517174117048,9.351779044441347,9.470808029174805,26172590,0.0,0.0
2009-09-30 00:00:00-04:00,9.494615996188362,9.502550064173494,9.169267064215157,9.363682746887207,55481026,0.0,0.0
2009-10-01 00:00:00-04:00,9.339874199587966,9.343842581362088,9.078009550891007,9.220845222473145,39411662,0.0,0.0
2009-10-02 00:00:00-04:00,9.074042665209316,9.153395929065553,8.943110319273227,9.006592750549316,34842139,0.0,0.0
2009-10-05 00:00:00-04:00,9.038333387835946,9.15339579859633,8.962948507482631,9.089913368225098,30867329,0.0,0.0
2009-10-06 00:00:00-04:00,9.22877929466687,9.506515645489138,9.22084432997537,9.502547264099121,68249174,0.0,0.0
2009-10-07 00:00:00-04:00,9.482712836070048,9.669192656393891,9.403358668965216,9.661256790161133,39071419,0.0,0.0
2009-10-08 00:00:00-04:00,9.748544036769724,9.97470044733133,9.740609071118024,9.843768119812012,60218532,0.0,0.0
2009-10-09 00:00:00-04:00,9.823928545299426,9.863606069227796,9.63348128528269,9.6890287399292,28327860,0.0,0.0
2009-10-12 00:00:00-04:00,9.784252767006775,9.891379294001617,9.740608659677186,9.831864356994629,27511704,0.0,0.0
2009-10-13 00:00:00-04:00,9.919152689005736,10.06595582910288,9.891378514497989,9.990570068359375,48664282,0.0,0.0
2009-10-14 00:00:00-04:00,10.101664937506369,10.109599902173384,9.927087623433685,10.093729972839355,37067263,0.0,0.0
2009-10-15 00:00:00-04:00,10.018344596961715,10.069924571039193,9.863606472818036,9.883444786071777,32784761,0.0,0.0
2009-10-16 00:00:00-04:00,9.942962839407851,9.954865291660646,9.653323015586635,9.716805458068848,44433576,0.0,0.0
2009-10-19 00:00:00-04:00,9.812027728594012,10.018345852675374,9.681094485090211,9.978670120239258,41054666,0.0,0.0
2009-10-20 00:00:00-04:00,10.006444127971635,10.0342174124034,9.80806095618886,9.942961692810059,34886808,0.0,0.0
2009-10-21 00:00:00-04:00,10.097698458067303,10.236567558250664,9.887412864340725,9.93105697631836,97286508,0.0,0.0
2009-10-22 00:00:00-04:00,9.53825797547692,9.689029521821032,9.232748298833405,9.51048469543457,125782351,0.0,0.0
2009-10-23 00:00:00-04:00,9.601739386862993,9.68109172818236,9.28432642540859,9.347808837890625,59494327,0.0,0.0
2009-10-26 00:00:00-04:00,9.304168112808236,9.447003817501631,9.133558224479323,9.256556510925293,43307827,0.0,0.0
2009-10-27 00:00:00-04:00,9.185135841369629,9.391453928405088,9.058171003046937,9.185135841369629,38042374,0.0,0.0
2009-10-28 00:00:00-04:00,9.085945071722277,9.359713084386764,8.998656850154529,9.026430130004883,46551067,0.0,0.0
2009-10-29 00:00:00-04:00,9.129590034484863,9.240684962342538,9.085945919628093,9.129590034484863,29163499,0.0,0.0
2009-10-30 00:00:00-04:00,9.141494938731805,9.165300741881358,8.780437710337102,8.83598518371582,44952494,0.0,0.0
2009-11-02 00:00:00-05:00,8.75266124566613,9.030398540260213,8.53443979201996,8.90343189239502,51095880,0.0,0.0
2009-11-03 00:00:00-05:00,8.832015126329878,8.962948367397795,8.776467663481535,8.931206703186035,33878196,0.0,0.0
2009-11-04 00:00:00-05:00,8.9312050147056,9.081975643596477,8.891528391464163,8.947075843811035,28856995,0.0,0.0
2009-11-05 00:00:00-05:00,9.113717794503277,9.2843276432825,9.070073686387117,9.220845222473145,29453134,0.0,0.0
2009-11-06 00:00:00-05:00,9.18513701208289,9.32400431598556,9.105783753255968,9.26052188873291,21375446,0.0,0.0
2009-11-09 00:00:00-05:00,9.276394057803492,9.324005660346641,9.18116995367262,9.232749938964844,34384522,0.0,0.0
2009-11-10 00:00:00-05:00,9.288297256231365,9.371618008843065,9.21687895453873,9.296232223510742,29915028,0.0,0.0
2009-11-11 00:00:00-05:00,9.363680704559828,9.466839748667915,9.320036597326906,9.427163124084473,31227055,0.0,0.0
2009-11-12 00:00:00-05:00,9.447001498629218,9.554128026092716,9.423195703531146,9.486678123474121,35329219,0.0,0.0
2009-11-13 00:00:00-05:00,9.470806614641004,9.542224893858652,9.367647577249953,9.41922664642334,27425930,0.0,0.0
2009-11-16 00:00:00-05:00,9.450970432419515,9.569999414862856,9.399390457490407,9.435099601745605,26092757,0.0,0.0
2009-11-17 00:00:00-05:00,9.41129436371431,9.431132680367906,9.244652863441921,9.38352108001709,27533088,0.0,0.0
2009-11-18 00:00:00-05:00,9.331940180646232,9.351779394396027,9.165298696739058,9.201007843017578,25413696,0.0,0.0
2009-11-19 00:00:00-05:00,9.149427865165887,9.316070248117507,9.125622067328354,9.201007843017578,36043682,0.0,0.0
2009-11-20 00:00:00-05:00,9.15736454701257,9.185137830458753,9.026431298664502,9.042302131652832,39797525,0.0,0.0
2009-11-23 00:00:00-05:00,9.117686098287857,9.33194007447698,9.093881199765596,9.304166793823242,27796349,0.0,0.0
2009-11-24 00:00:00-05:00,9.327972789965838,9.415261914961194,9.201007934210987,9.359713554382324,26147405,0.0,0.0
2009-11-25 00:00:00-05:00,9.415262530346839,9.42319749720848,9.324005017170894,9.367650032043457,16041326,0.0,0.0
2009-11-27 00:00:00-05:00,9.101816624899334,9.296231397367746,9.046269161746437,9.212910652160645,16151098,0.0,0.0
2009-11-30 00:00:00-05:00,9.208943633693345,9.736642261152342,9.20497525154888,9.708868980407715,55859760,0.0,0.0
2009-12-01 00:00:00-05:00,9.760446360576042,9.819962198381097,9.474775014142466,9.522387504577637,74554603,0.0,0.0
2009-12-02 00:00:00-05:00,9.577934657119293,9.60570793470997,9.403356430098938,9.427163124084473,44252287,0.0,0.0
2009-12-03 00:00:00-05:00,9.490647613629,9.51445431280705,9.355746880813014,9.363682746887207,26559403,0.0,0.0
2009-12-04 00:00:00-05:00,9.49461561180604,9.52238889433001,9.260522406329168,9.39145565032959,30569616,0.0,0.0
2009-12-07 00:00:00-05:00,9.339874560297348,9.510484415665587,9.165298121090503,9.173233985900879,34104391,0.0,0.0
2009-12-08 00:00:00-05:00,9.109749272800283,9.113716755077558,8.911366168494057,8.958978652954102,44040348,0.0,0.0
2009-12-09 00:00:00-05:00,8.907400832965722,9.018494858725132,8.752661794504771,9.014528274536133,42033816,0.0,0.0
2009-12-10 00:00:00-05:00,9.06610799289316,9.125622942718282,8.899466493000634,8.939142227172852,36978401,0.0,0.0
2009-12-11 00:00:00-05:00,8.966916118621198,9.074042665209316,8.927239486693079,9.006592750549316,25015241,0.0,0.0
2009-12-14 00:00:00-05:00,9.01452935659738,9.062140959202988,8.935175187180407,8.99072265625,20663834,0.0,0.0
2009-12-15 00:00:00-05:00,8.887561960456281,8.998656878293914,8.832014501537465,8.90343189239502,19194278,0.0,0.0
2009-12-16 00:00:00-05:00,8.97088286966117,9.125621901357507,8.966915386601146,9.081976890563965,32123520,0.0,0.0
2009-12-17 00:00:00-05:00,9.00659298219022,9.10975204804758,8.947078032767376,9.042302131652832,30392366,0.0,0.0
2009-12-18 00:00:00-05:00,9.109750484296047,9.121653831755134,8.832014101331474,8.994688987731934,57079123,0.0,0.0
2009-12-21 00:00:00-05:00,9.04626903857541,9.105783984205072,8.998657441689465,9.074042320251465,24162970,0.0,0.0
2009-12-22 00:00:00-05:00,9.062140893194396,9.153396614031202,9.038334193020425,9.09388256072998,21908146,0.0,0.0
2009-12-23 00:00:00-05:00,9.141492593662528,9.61761123164868,9.137525110662823,9.51048469543457,54500213,0.0,0.0
2009-12-24 00:00:00-05:00,9.566031771840517,9.566031771840517,9.45097027423044,9.478743553161621,8414604,0.0,0.0
2009-12-28 00:00:00-05:00,9.470808029174805,9.522388005096312,9.419228053253297,9.470808029174805,14350090,0.0,0.0
2009-12-29 00:00:00-05:00,9.43113304030838,9.470809675129836,9.37558557174943,9.395423889160156,14148367,0.0,0.0
2009-12-30 00:00:00-05:00,9.375583369280125,9.482710797558909,9.363680921056497,9.443034172058105,14747832,0.0,0.0
2009-12-31 00:00:00-05:00,9.518420312598039,9.522388694913639,9.327973024183784,9.335908889770508,14233666,0.0,0.0
2010-01-04 00:00:00-05:00,9.411293498983504,9.514453455339257,9.37161686932189,9.482711791992188,22511650,0.0,0.0
2010-01-05 00:00:00-05:00,9.439067647411532,9.482712663285067,9.324005231011771,9.38352108001709,26683193,0.0,0.0
2010-01-06 00:00:00-05:00,9.375582232444637,9.443033027043874,9.30019737236938,9.324002265930176,26368610,0.0,0.0
2010-01-07 00:00:00-05:00,9.320037894830897,9.320037894830897,9.193073038105993,9.216877937316895,25220052,0.0,0.0
2010-01-08 00:00:00-05:00,9.201007561497603,9.379552388382892,9.16529841631166,9.327972412109375,30484080,0.0,0.0
2010-01-11 00:00:00-05:00,9.335908456608458,9.42319668070115,9.224813535904635,9.304166793823242,18331078,0.0,0.0
2010-01-12 00:00:00-05:00,9.280361101838984,9.300199416544336,9.109751235755185,9.201007843017578,25572175,0.0,0.0
2010-01-13 00:00:00-05:00,9.256556196764103,9.375585197431702,9.169267064215157,9.363682746887207,24620587,0.0,0.0
2010-01-14 00:00:00-05:00,9.324004405135291,9.324004405135291,9.066107210526402,9.078010559082031,42094166,0.0,0.0
2010-01-15 00:00:00-05:00,9.121654725398377,9.149428006798018,8.776467504755136,8.915336608886719,64256306,0.0,0.0
2010-01-19 00:00:00-05:00,8.83994852102979,9.280359763197204,8.83994852102979,9.228779792785645,49852994,0.0,0.0
2010-01-20 00:00:00-05:00,9.201006689500797,9.201006689500797,8.800272962500987,8.820111274719238,92230618,0.0,0.0
2010-01-21 00:00:00-05:00,9.486678759091022,9.744576837862311,9.383519707391388,9.573966979980469,155599726,0.0,0.0
2010-01-22 00:00:00-05:00,9.52238962801727,9.593807930073728,9.212911517832039,9.35574722290039,57422930,0.0,0.0
2010-01-25 00:00:00-05:00,9.407326140736307,9.478744434693281,9.268457935076777,9.399391174316406,43646170,0.0,0.0
2010-01-26 00:00:00-05:00,9.335906423851476,9.66522183308342,9.312099732423906,9.550159454345703,54598342,0.0,0.0
2010-01-27 00:00:00-05:00,9.447002270306044,9.6215796136928,9.375583980133692,9.51048469543457,49443134,0.0,0.0
2010-01-28 00:00:00-05:00,9.522389603020093,9.554130371260536,9.157364924465357,9.256556510925293,48289349,0.0,0.0
2010-01-29 00:00:00-05:00,9.304164276602844,9.522385676839708,9.074039531280837,9.133554458618164,53646991,0.0,0.0
2010-02-01 00:00:00-05:00,9.089913312558528,9.276393119202865,9.085945829255463,9.193073272705078,26327506,0.0,0.0
2010-02-02 00:00:00-05:00,9.145460596341245,9.256556430878042,9.093882410299406,9.157364845275879,28234958,0.0,0.0
2010-02-03 00:00:00-05:00,9.113718878847353,9.24861960102035,9.07801063098654,9.216877937316895,34180661,0.0,0.0
2010-02-04 00:00:00-05:00,9.10578229280036,9.240682990978602,8.88756086602636,8.90739917755127,46628050,0.0,0.0
2010-02-05 00:00:00-05:00,8.895496684340284,9.042300743133719,8.824078396381923,9.01055908203125,37072728,0.0,0.0
2010-02-08 00:00:00-05:00,9.018492440094168,9.105781543043085,8.90739844412858,8.923269271850586,20112602,0.0,0.0
2010-02-09 00:00:00-05:00,9.034367448881566,9.08594743808802,8.824080907094817,8.87566089630127,28657411,0.0,0.0
2010-02-10 00:00:00-05:00,8.851854142286973,8.88359490674263,8.629664295875099,8.712985038757324,37093162,0.0,0.0
2010-02-11 00:00:00-05:00,8.653468871440834,8.804240403199115,8.54634234559028,8.780434608459473,30785594,0.0,0.0
2010-02-12 00:00:00-05:00,8.629664079869743,8.748693966449094,8.534439990797374,8.63759994506836,42511630,0.0,0.0
2010-02-16 00:00:00-05:00,8.724889320726321,8.939142425617447,8.724889320726321,8.935174942016602,34442021,0.0,0.0
2010-02-17 00:00:00-05:00,8.931205470508814,9.026429550956875,8.875658015327083,8.998656272888184,28001635,0.0,0.0
2010-02-18 00:00:00-05:00,9.066106040092272,9.081975970725031,8.935172819061656,9.062138557434082,21359052,0.0,0.0
2010-02-19 00:00:00-05:00,9.089913345055681,9.320038165989882,8.911368504379158,9.292263984680176,46963541,0.0,0.0
2010-02-22 00:00:00-05:00,9.292262828063283,9.324003589694948,9.15339463593327,9.236716270446777,34242437,0.0,0.0
2010-02-23 00:00:00-05:00,9.185136844391144,9.204975158735689,9.002623633185785,9.081976890563965,24659791,0.0,0.0
2010-02-24 00:00:00-05:00,9.161328993090196,9.280359763197204,9.085944127319276,9.228779792785645,24076958,0.0,0.0
2010-02-25 00:00:00-05:00,9.125621795654297,9.137525143740918,8.955011934649633,9.125621795654297,38203942,0.0,0.0
2010-02-26 00:00:00-05:00,9.113716149505722,9.145456904659115,8.974847985718625,9.133554458618164,37546978,0.0,0.0
2010-03-01 00:00:00-05:00,9.173233103920102,9.494613571253,9.109749787718389,9.474774360656738,44650505,0.0,0.0
2010-03-02 00:00:00-05:00,9.44700282410683,9.570000198574512,9.443035340874545,9.518420219421387,36125179,0.0,0.0
2010-03-03 00:00:00-05:00,9.35574569222932,9.498582272973087,9.264489986803488,9.327972412109375,35194262,0.0,0.0
2010-03-04 00:00:00-05:00,9.12958903316712,9.443034567560364,9.109750719585831,9.435099601745605,28079568,0.0,0.0
2010-03-05 00:00:00-05:00,9.443033967150823,9.899315150509075,9.443033967150823,9.772350311279297,55289758,0.0,0.0
2010-03-08 00:00:00-05:00,9.692997833831607,9.895347556754288,9.681093586829672,9.855670928955078,26778233,0.0,0.0
2010-03-09 00:00:00-05:00,9.784253450369432,10.208793903430431,9.780285967434065,10.121504783630371,51349874,0.0,0.0
2010-03-10 00:00:00-05:00,10.101667439185052,10.240535648558366,10.046119975626828,10.14134407043457,32503918,0.0,0.0
2010-03-11 00:00:00-05:00,10.089761591461585,10.304015526957865,9.982635073235576,10.093729972839355,53725162,0.0,0.0
2010-03-12 00:00:00-05:00,10.153243643954749,10.31591850522735,10.117534506137732,10.304015159606934,36094054,0.0,0.0
2010-03-15 00:00:00-04:00,10.304016044435452,10.569849061706241,10.232597762668576,10.427013397216797,45463810,0.0,0.0
2010-03-16 00:00:00-04:00,10.526207859791187,10.657141112805016,10.411145440331241,10.62936782836914,43619558,0.0,0.0
2010-03-17 00:00:00-04:00,10.637301106620946,10.851555077967465,10.621430275587052,10.704751014709473,36523159,0.0,0.0
2010-03-18 00:00:00-04:00,10.776167045510519,10.911067743703356,10.680942970371792,10.895196914672852,28619158,0.0,0.0
2010-03-19 00:00:00-04:00,10.97058490941791,11.02216488949601,10.728557639374602,10.78807258605957,51354626,0.0,0.0
2010-03-22 00:00:00-04:00,10.609527160711428,10.792039474001154,10.561915565607823,10.740460395812988,32926133,0.0,0.0
2010-03-23 00:00:00-04:00,10.720623374810748,10.799976642253844,10.601593473646105,10.732525825500488,25999142,0.0,0.0
2010-03-24 00:00:00-04:00,10.704752707628282,10.788073459927586,10.657141106041411,10.688881874084473,26729287,0.0,0.0
2010-03-25 00:00:00-04:00,10.990420129625477,11.256254022708607,10.92693771751633,10.934873580932617,76668530,0.0,0.0
2010-03-26 00:00:00-04:00,10.962649831781667,11.010261429029638,10.823780725212053,10.891231536865234,27346810,0.0,0.0
2010-03-29 00:00:00-04:00,10.911068220096933,10.919004084480827,10.780135897728245,10.823779106140137,26923406,0.0,0.0
2010-03-30 00:00:00-04:00,10.903135943959377,10.91107091125605,10.688881937459028,10.768235206604004,26093232,0.0,0.0
2010-03-31 00:00:00-04:00,10.712688088235563,10.78807387619406,10.653173134433262,10.700785636901855,19122286,0.0,0.0
2010-04-01 00:00:00-04:00,10.76029859416155,10.827749407684589,10.534142152397504,10.542078018188477,34278552,0.0,0.0
2010-04-05 00:00:00-04:00,10.51430402602736,10.978520227394414,10.51430402602736,10.859489440917969,30390228,0.0,0.0
2010-04-06 00:00:00-04:00,10.796007983147991,10.89519956491145,10.66904311810857,10.819814682006836,36571630,0.0,0.0
2010-04-07 00:00:00-04:00,10.744427185913624,10.780136329460408,10.57778571475446,10.653170585632324,42066367,0.0,0.0
2010-04-08 00:00:00-04:00,10.46272396733674,10.609527134412652,10.37940322658975,10.498433113098145,47572272,0.0,0.0
2010-04-09 00:00:00-04:00,10.494466760137414,10.557949193302548,10.42701594442578,10.53414249420166,22662050,0.0,0.0
2010-04-12 00:00:00-04:00,10.569853027844724,10.629368884345531,10.518273038431525,10.565885543823242,19034374,0.0,0.0
2010-04-13 00:00:00-04:00,10.52620490852909,10.569849014282225,10.415110902888776,10.569849014282227,27536177,0.0,0.0
2010-04-14 00:00:00-04:00,10.649202431572105,10.752361473837182,10.593655877383132,10.728555679321289,35021290,0.0,0.0
2010-04-15 00:00:00-04:00,10.780136787837154,10.796006719826634,10.680944318636428,10.704751014709473,33489720,0.0,0.0
2010-04-16 00:00:00-04:00,10.700782300539892,10.724588094829564,10.40320762430823,10.44685173034668,48457570,0.0,0.0
2010-04-19 00:00:00-04:00,10.395271956666836,10.466690239930061,10.216727147553101,10.44288444519043,27368431,0.0,0.0
2010-04-20 00:00:00-04:00,10.50636629107334,10.546042913156544,10.40320725346586,10.474624633789062,30383338,0.0,0.0
2010-04-21 00:00:00-04:00,10.450818937261895,10.546042103717514,10.276240734642037,10.43097972869873,63975701,0.0,0.0
2010-04-22 00:00:00-04:00,9.696963653303259,9.843767704013763,9.482710599313576,9.831864356994629,134770284,0.0,0.0
2010-04-23 00:00:00-04:00,9.819963383941877,9.847736665765513,9.685062659988919,9.740610122680664,61910957,0.0,0.0
2010-04-26 00:00:00-04:00,9.692997379865943,9.835833053444597,9.597772398754355,9.744576454162598,52156051,0.0,0.0
2010-04-27 00:00:00-04:00,9.68109357840592,9.720771105215013,9.387487252182764,9.431131362915039,62393998,0.0,0.0
2010-04-28 00:00:00-04:00,9.482711971286342,9.538258534627287,9.39939122723046,9.518420219421387,39431858,0.0,0.0
2010-04-29 00:00:00-04:00,9.522387746198675,9.645384210571782,9.431131144832325,9.617610931396484,39855974,0.0,0.0
2010-04-30 00:00:00-04:00,9.581901863584992,9.661255117910148,9.431131219793834,9.435099601745605,36319774,0.0,0.0
2010-05-03 00:00:00-04:00,9.383519078686243,9.562063890488302,9.371615731615037,9.486678123474121,25973957,0.0,0.0
2010-05-04 00:00:00-04:00,9.212911413977448,9.232749731097881,8.911369173555782,9.157364845275879,88734096,0.0,0.0
2010-05-05 00:00:00-04:00,9.15736506345878,9.224814983657488,8.955013504773506,8.99072265625,61155151,0.0,0.0
2010-05-06 00:00:00-04:00,8.96691755056068,9.185139061013425,8.157514849208033,8.83598518371582,71709343,0.0,0.0
2010-05-07 00:00:00-04:00,8.788369292093767,9.006590718462828,8.431279685308034,8.522536277770996,71566783,0.0,0.0
2010-05-10 00:00:00-04:00,8.97881872597335,9.058171983273295,8.776467200622946,8.859787940979004,47490062,0.0,0.0
2010-05-11 00:00:00-04:00,8.792338104604722,9.046268709873448,8.716952329737445,8.879627227783203,30914849,0.0,0.0
2010-05-12 00:00:00-04:00,8.939141669716737,8.966915850663145,8.820112676533823,8.931206703186035,26510933,0.0,0.0
2010-05-13 00:00:00-04:00,9.189103534739955,9.248618472639448,8.990720408408308,8.998656272888184,47767579,0.0,0.0
2010-05-14 00:00:00-04:00,8.970882475908507,8.986753306496421,8.760595993468515,8.828046798706055,41775545,0.0,0.0
2010-05-17 00:00:00-04:00,8.792338495587416,8.943110052026563,8.724888582943018,8.931206703186035,34881581,0.0,0.0
2010-05-18 00:00:00-04:00,8.978819843856138,9.034366411646229,8.780436675907133,8.796306610107422,40377506,0.0,0.0
2010-05-19 00:00:00-04:00,8.728854223019624,8.776465810239106,8.522536146342825,8.586018562316895,74340050,0.0,0.0
2010-05-20 00:00:00-04:00,8.387635694961897,8.514601429654876,8.094029400143818,8.25670337677002,81660269,0.0,0.0
2010-05-21 00:00:00-04:00,8.058318506645112,8.522534541262539,8.058318506645112,8.49872875213623,68853866,0.0,0.0
2010-05-24 00:00:00-04:00,8.46302354431126,8.65743922726575,8.379702794200632,8.474925994873047,48636720,0.0,0.0
2010-05-25 00:00:00-04:00,8.232897338941479,8.57411614857955,8.157512467485217,8.566181182861328,59012474,0.0,0.0
2010-05-26 00:00:00-04:00,8.621728704981477,8.744726068806932,8.45111884935481,8.48285961151123,42581484,0.0,0.0
2010-05-27 00:00:00-04:00,8.637599195604615,8.697113234685968,8.566180910236023,8.693145751953125,33229786,0.0,0.0
2010-05-28 00:00:00-04:00,8.705048945909944,8.709016428572925,8.387635948162119,8.494763374328613,35250574,0.0,0.0
2010-06-01 00:00:00-04:00,8.340024228006628,8.550310718020285,8.300348498674467,8.316219329833984,28138493,0.0,0.0
2010-06-02 00:00:00-04:00,8.343993808113442,8.435249527055458,8.213060556053508,8.431282043457031,29447431,0.0,0.0
2010-06-03 00:00:00-04:00,8.538406501695233,8.800272941589355,8.415410045087544,8.800272941589355,56722486,0.0,0.0
2010-06-04 00:00:00-04:00,8.709017017131575,9.062139180799027,8.689178703431656,8.72488784790039,133898767,0.0,0.0
2010-06-07 00:00:00-04:00,8.728855923994166,8.843918331081557,8.49476452566313,8.550311088562012,63761861,0.0,0.0
2010-06-08 00:00:00-04:00,8.538407044028453,8.617760297753168,8.304315664776052,8.605857849121094,68568509,0.0,0.0
2010-06-09 00:00:00-04:00,8.677276433760072,8.87565959540871,8.617761485265481,8.641568183898926,52923262,0.0,0.0
2010-06-10 00:00:00-04:00,8.709018212558426,8.879628093413936,8.709018212558426,8.839950561523438,40531471,0.0,0.0
2010-06-11 00:00:00-04:00,8.728855384073112,9.002623395566333,8.724887901117809,8.986753463745117,42902957,0.0,0.0
2010-06-14 00:00:00-04:00,9.04626802375732,9.09388051434652,8.792337437748014,8.812175750732422,31794682,0.0,0.0
2010-06-15 00:00:00-04:00,8.84788631768676,8.895497916893099,8.728856420626396,8.88359546661377,46399954,0.0,0.0
2010-06-16 00:00:00-04:00,8.84391702744663,8.8954960995418,8.73282211993586,8.780434608459473,40373705,0.0,0.0
2010-06-17 00:00:00-04:00,8.867721437093342,8.867721437093342,8.693144137863504,8.768529891967773,23284800,0.0,0.0
2010-06-18 00:00:00-04:00,8.792337417602539,8.883594016739474,8.740758343387878,8.792337417602539,32992186,0.0,0.0
2010-06-21 00:00:00-04:00,8.903430125027752,8.978816781994254,8.609823855821386,8.677273750305176,32942052,0.0,0.0
2010-06-22 00:00:00-04:00,8.736791587170131,8.768532351085437,8.542375924391687,8.554278373718262,24247555,0.0,0.0
2010-06-23 00:00:00-04:00,8.546341751890033,8.629662477212793,8.403505195286144,8.466987609863281,27539978,0.0,0.0
2010-06-24 00:00:00-04:00,8.415411776385792,8.478894208584688,8.177351082312034,8.276542663574219,38072074,0.0,0.0
2010-06-25 00:00:00-04:00,8.296383115130714,8.375736400564229,8.149579896696611,8.312253952026367,39524522,0.0,0.0
2010-06-28 00:00:00-04:00,8.280510995036805,8.320187627297194,8.10593363328218,8.21702766418457,42527786,0.0,0.0
2010-06-29 00:00:00-04:00,8.05435174356651,8.078158436518299,7.752809589634899,7.812324523925781,74630873,0.0,0.0
2010-06-30 00:00:00-04:00,7.796453788589349,7.994837804318701,7.760744647777179,7.78058385848999,49089110,0.0,0.0
2010-07-01 00:00:00-04:00,7.776615837752991,7.844066639982183,7.562362781027323,7.792486667633057,61793582,0.0,0.0
2010-07-02 00:00:00-04:00,7.840097740321523,7.840097740321523,7.637748044133969,7.6417155265808105,38155946,0.0,0.0
2010-07-06 00:00:00-04:00,7.792486826010784,7.855969247776941,7.606007043501878,7.677424430847168,36013745,0.0,0.0
2010-07-07 00:00:00-04:00,7.645682754494649,7.8718400615606,7.602039544856085,7.859936714172363,39326126,0.0,0.0
2010-07-08 00:00:00-04:00,7.883744796834461,8.014678044977616,7.792488181577774,7.891679763793945,39107534,0.0,0.0
2010-07-09 00:00:00-04:00,7.911518211427626,8.05832229496861,7.828197460793304,8.050386428833008,37884845,0.0,0.0
2010-07-12 00:00:00-04:00,8.006741739623688,8.109900799659007,7.959130142390303,8.022612571716309,26193024,0.0,0.0
2010-07-13 00:00:00-04:00,8.113867824314598,8.383669257506183,8.113867824314598,8.336057662963867,38047363,0.0,0.0
2010-07-14 00:00:00-04:00,8.340023280583734,8.514601504461995,8.209090961241516,8.375732421875,37201982,0.0,0.0
2010-07-15 00:00:00-04:00,8.427312969295656,8.431280452145263,8.20512404022943,8.343992233276367,36449266,0.0,0.0
2010-07-16 00:00:00-04:00,8.3479596137348,8.36383044398295,7.959129217399166,7.971031665802002,44357306,0.0,0.0
2010-07-19 00:00:00-04:00,8.00277287643891,8.149576940668748,7.982934562276316,8.094030380249023,22989701,0.0,0.0
2010-07-20 00:00:00-04:00,7.951195002647832,8.272576459966201,7.903582502023658,8.248769760131836,36816595,0.0,0.0
2010-07-21 00:00:00-04:00,8.2170262894063,8.312250370708343,7.947225774602263,8.002772331237793,56822278,0.0,0.0
2010-07-22 00:00:00-04:00,8.371766234047229,8.54634358588074,8.244801377647107,8.308283805847168,59539946,0.0,0.0
2010-07-23 00:00:00-04:00,8.264638804443418,8.37573281709306,8.125770614348097,8.3677978515625,30549658,0.0,0.0
2010-07-26 00:00:00-04:00,8.328123139751288,8.387638092041016,8.276543154815695,8.387638092041016,18448452,0.0,0.0
2010-07-27 00:00:00-04:00,8.447152047551699,8.455087013969495,8.288445526840075,8.347960472106934,21468586,0.0,0.0
2010-07-28 00:00:00-04:00,8.308283841929027,8.367798787195888,8.260671346288865,8.347960472106934,21418690,0.0,0.0
2010-07-29 00:00:00-04:00,8.340024860939913,8.41144315705554,8.153545053035593,8.240833282470703,28231632,0.0,0.0
2010-07-30 00:00:00-04:00,8.189251624260665,8.387634718775793,8.145606624231974,8.296378135681152,24362554,0.0,0.0
2010-08-02 00:00:00-04:00,8.443186260198708,8.562216174640175,8.40350872300691,8.514604568481445,24652663,0.0,0.0
2010-08-03 00:00:00-04:00,8.482859708612189,8.53443968389283,8.300348301273742,8.320186614990234,29407277,0.0,0.0
2010-08-04 00:00:00-04:00,8.34399471050452,8.419379604161048,8.296382205040524,8.3717679977417,29401812,0.0,0.0
2010-08-05 00:00:00-04:00,8.332089048042855,8.375733158327755,8.213059165968911,8.359862327575684,18679637,0.0,0.0
2010-08-06 00:00:00-04:00,8.232898012810175,8.518569388669953,8.217027181030309,8.510634422302246,28143720,0.0,0.0
2010-08-09 00:00:00-04:00,8.673307071466825,8.978816682938357,8.61775872514299,8.720918655395508,52958426,0.0,0.0
2010-08-10 00:00:00-04:00,8.712984064661695,8.768531520054559,8.582050841167396,8.693145751953125,29825215,0.0,0.0
2010-08-11 00:00:00-04:00,8.526506145042024,8.546344462078709,8.415412109063324,8.431282043457031,25042327,0.0,0.0
2010-08-12 00:00:00-04:00,8.490795412360685,8.673308614323627,8.463022133302523,8.566181182861328,38485735,0.0,0.0
2010-08-13 00:00:00-04:00,8.490794281318916,8.617759110164041,8.459053523629766,8.530471801757812,29855866,0.0,0.0
2010-08-16 00:00:00-04:00,8.514600232221875,8.927236339571982,8.490793542221983,8.74869155883789,62520401,0.0,0.0
2010-08-17 00:00:00-04:00,8.76059791661249,8.91533787453019,8.76059791661249,8.867725372314453,45830902,0.0,0.0
2010-08-18 00:00:00-04:00,8.879626222827534,9.070073480941799,8.784402144248237,9.022461891174316,40434530,0.0,0.0
2010-08-19 00:00:00-04:00,8.947078286529587,9.22481472504685,8.931207453091119,9.177202224731445,59910840,0.0,0.0
2010-08-20 00:00:00-04:00,9.105783277297473,9.304166413995308,9.09784741240292,9.272425651550293,48882636,0.0,0.0
2010-08-23 00:00:00-04:00,9.296232375370566,9.367650678229865,9.212911621397769,9.232749938964844,33699996,0.0,0.0
2010-08-24 00:00:00-04:00,9.133557265881128,9.240684707441202,9.038333173064775,9.074042320251465,37266847,0.0,0.0
2010-08-25 00:00:00-04:00,9.014528573457284,9.240685014753373,8.986754391813092,9.189105033874512,37959214,0.0,0.0
2010-08-26 00:00:00-04:00,9.224813617866227,9.308134359612174,9.014528021940215,9.018494606018066,53683582,0.0,0.0
2010-08-27 00:00:00-04:00,9.062139781323614,9.204975469619509,8.875659080760135,9.197039604187012,42847358,0.0,0.0
2010-08-30 00:00:00-04:00,9.204976408009902,9.327973793830065,9.169267257534486,9.177202224731445,33592363,0.0,0.0
2010-08-31 00:00:00-04:00,9.125622227497264,9.228781285966805,9.022463169027723,9.216877937316895,39890664,0.0,0.0
2010-09-01 00:00:00-04:00,9.212909812059452,9.538257796646024,9.212909812059452,9.534290313720703,51055250,0.0,0.0
2010-09-02 00:00:00-04:00,9.490645667910561,9.55016060556521,9.427163247554471,9.54619312286377,33678612,0.0,0.0
2010-09-03 00:00:00-04:00,9.621579472411039,9.712835176241931,9.502548690856813,9.573966979980469,40381070,0.0,0.0
2010-09-07 00:00:00-04:00,9.518420312598039,9.530324560500365,9.304167225512561,9.335908889770508,33294650,0.0,0.0
2010-09-08 00:00:00-04:00,9.526357614177078,9.752514084210976,9.486680977396071,9.748546600341797,55364364,0.0,0.0
2010-09-09 00:00:00-04:00,9.768381381792514,9.77234976326943,9.49858088879791,9.641416549682617,34534210,0.0,0.0
2010-09-10 00:00:00-04:00,9.653318908453866,9.740608016392677,9.506515766482801,9.562063217163086,25518953,0.0,0.0
2010-09-13 00:00:00-04:00,9.52238668243798,9.70886734721448,9.518418300961065,9.641416549682617,26283787,0.0,0.0
2010-09-14 00:00:00-04:00,9.585870026786736,9.677126626795943,9.538257535851526,9.62157917022705,35492213,0.0,0.0
2010-09-15 00:00:00-04:00,9.53825860587864,9.633482699387178,9.490647008646608,9.597773551940918,24061752,0.0,0.0
2010-09-16 00:00:00-04:00,9.60967664729157,9.64141831063864,9.383520217838155,9.482711791992188,28605852,0.0,0.0
2010-09-17 00:00:00-04:00,9.558096334931196,9.669190344223214,9.5184188113445,9.609675407409668,41243558,0.0,0.0
2010-09-20 00:00:00-04:00,9.629516171349684,9.808061027247728,9.609677854027678,9.780287742614746,23744318,0.0,0.0
2010-09-21 00:00:00-04:00,9.792189471776734,9.875510218578482,9.74061038996827,9.815996170043945,26198964,0.0,0.0
2010-09-22 00:00:00-04:00,9.482711211693909,9.704900144393113,9.276392210652624,9.657288551330566,62791978,0.0,0.0
2010-09-23 00:00:00-04:00,9.589837509603578,9.72077073586994,9.534290053034686,9.62157917022705,30051173,0.0,0.0
2010-09-24 00:00:00-04:00,9.720772074108591,9.847736935992732,9.609677145676597,9.815996170043945,29089368,0.0,0.0
2010-09-27 00:00:00-04:00,9.804091276366048,9.87947704456539,9.732672990904703,9.827897071838379,20401286,0.0,0.0
2010-09-28 00:00:00-04:00,9.847735425281801,9.915186228283982,9.641417331609578,9.867573738098145,25225279,0.0,0.0
2010-09-29 00:00:00-04:00,9.823930323281788,9.974701884746203,9.748545441594086,9.91518783569336,26303746,0.0,0.0
2010-09-30 00:00:00-04:00,9.954864078363604,9.982638261657664,9.621581071191287,9.681095123291016,36916625,0.0,0.0
2010-10-01 00:00:00-04:00,9.760446344753944,9.800123869574449,9.597772358880626,9.704899787902832,24751030,0.0,0.0
2010-10-04 00:00:00-04:00,9.700932707741588,9.712835156541788,9.494614604760784,9.554128646850586,20926620,0.0,0.0
2010-10-05 00:00:00-04:00,9.693000634987444,9.780288881753155,9.617613941529845,9.75648307800293,28749838,0.0,0.0
2010-10-06 00:00:00-04:00,9.784252276899526,9.831863864502449,9.621578303704535,9.700931549072266,28247789,0.0,0.0
2010-10-07 00:00:00-04:00,9.748544213190602,9.86757409438647,9.700932620330011,9.819962501525879,23731963,0.0,0.0
2010-10-08 00:00:00-04:00,9.839799657500487,9.839799657500487,9.645384010179427,9.76441478729248,16913081,0.0,0.0
2010-10-11 00:00:00-04:00,9.73664082259399,9.815994069048092,9.609675088840849,9.637449264526367,20996712,0.0,0.0
2010-10-12 00:00:00-04:00,9.629513268623592,9.756479000638537,9.554127505715389,9.700931549072266,28933027,0.0,0.0
2010-10-13 00:00:00-04:00,9.736641412936896,9.946926989363515,9.700932270058606,9.867573738098145,24066979,0.0,0.0
2010-10-14 00:00:00-04:00,9.92708775202045,10.18498579461442,9.919152787250653,10.030247688293457,31913957,0.0,0.0
2010-10-15 00:00:00-04:00,10.192922735180902,10.276242571198273,10.117536066682817,10.18895435333252,32847725,0.0,0.0
2010-10-18 00:00:00-04:00,10.256407292981116,10.315922244567856,10.093733271786272,10.204827308654785,19326622,0.0,0.0
2010-10-19 00:00:00-04:00,10.161181014275078,10.196889258343356,9.970732850370563,10.129439353942871,34246001,0.0,0.0
2010-10-20 00:00:00-04:00,10.133405337586785,10.276240989861876,10.113567027575126,10.18101692199707,40215463,0.0,0.0
2010-10-21 00:00:00-04:00,10.899165386426565,11.28402827361925,10.780135516279016,10.792037963867188,126645314,0.0,0.0
2010-10-22 00:00:00-04:00,10.815846533079492,11.1451620248457,10.792039835685399,11.137227058410645,45063454,0.0,0.0
2010-10-25 00:00:00-04:00,10.98248871591089,11.141195247015965,10.974552849928923,11.081680297851562,43493630,0.0,0.0
2010-10-26 00:00:00-04:00,10.94678035823707,11.597477362632963,10.934877906970158,11.407029151916504,63878047,0.0,0.0
2010-10-27 00:00:00-04:00,11.327673589140986,11.64111912714257,11.284029478568604,11.61731243133545,57782419,0.0,0.0
2010-10-28 00:00:00-04:00,11.656990379430834,11.819664378742308,11.518121278698283,11.791891098022461,45138060,0.0,0.0
2010-10-29 00:00:00-04:00,11.724438598709625,11.863306780374952,11.696664422949976,11.84743595123291,32614164,0.0,0.0
2010-11-01 00:00:00-04:00,11.688731156381044,11.875210953525414,11.593507965780603,11.649054527282715,33710450,0.0,0.0
2010-11-02 00:00:00-04:00,11.728407846610045,12.022015083276903,11.728407846610045,11.930758476257324,42129569,0.0,0.0
2010-11-03 00:00:00-04:00,11.887113580392588,11.966465928727008,11.77601777540032,11.946627616882324,37482113,0.0,0.0
2010-11-04 00:00:00-04:00,12.041851913685365,12.085496020732673,11.9029837282339,11.962498664855957,36147276,0.0,0.0
2010-11-05 00:00:00-04:00,11.974403810071092,12.271979459256677,11.95853387596586,12.248172760009766,39762360,0.0,0.0
2010-11-08 00:00:00-05:00,12.216429783599372,12.398942996681814,12.16088322209891,12.236268997192383,34295659,0.0,0.0
2010-11-09 00:00:00-05:00,12.216430832588308,12.236270047884855,12.002176837257448,12.113272666931152,32803294,0.0,0.0
2010-11-10 00:00:00-05:00,12.212462534465526,12.271978378295897,11.98233862071999,12.271978378295898,33810480,0.0,0.0
2010-11-11 00:00:00-05:00,12.077562408424805,12.268009687523143,11.98630580243047,12.216429710388184,25023794,0.0,0.0
2010-11-12 00:00:00-05:00,12.141042706982995,12.220395950794499,11.934724632690795,11.95853042602539,38395922,0.0,0.0
2010-11-15 00:00:00-05:00,11.970434347088123,12.0775617788508,11.843469500974265,11.926790237426758,33433884,0.0,0.0
2010-11-16 00:00:00-05:00,11.760149449757474,11.982339308955826,11.724441200070496,11.811729431152344,36288648,0.0,0.0
2010-11-17 00:00:00-05:00,11.772050662686066,11.970432873170552,11.672859107921687,11.95853042602539,35286689,0.0,0.0
2010-11-18 00:00:00-05:00,12.033916776835426,12.240234861232384,11.994240152986448,12.129140853881836,24936120,0.0,0.0
2010-11-19 00:00:00-05:00,12.12120522580025,12.125172708453569,11.930757067997597,12.022013664245605,28234958,0.0,0.0
2010-11-22 00:00:00-05:00,11.93075646890924,12.164848722232412,11.859338188558342,12.156913757324219,27745265,0.0,0.0
2010-11-23 00:00:00-05:00,11.998210079742208,12.045821678442309,11.764117771536956,11.974403381347656,28633414,0.0,0.0
2010-11-24 00:00:00-05:00,12.057722978801403,12.394973393870066,12.057722978801403,12.383070945739746,35960998,0.0,0.0
2010-11-26 00:00:00-05:00,12.299752232613756,12.4901995253748,12.271978950037509,12.35926628112793,13273286,0.0,0.0
2010-11-29 00:00:00-05:00,12.228333106426645,12.553681104726527,11.966467534740833,11.994241714477539,61131629,0.0,0.0
2010-11-30 00:00:00-05:00,11.732374627144942,11.768083771190026,11.422897476524453,11.561765670776367,50258578,0.0,0.0
2010-12-01 00:00:00-05:00,11.752214510918655,11.946630188657675,11.56970218246663,11.609378814697266,43632626,0.0,0.0
2010-12-02 00:00:00-05:00,11.660957139370266,11.930757660777338,11.609377165181366,11.86727523803711,26893231,0.0,0.0
2010-12-03 00:00:00-05:00,11.680794435305978,11.783954382638857,11.60937704758826,11.748245239257812,21190118,0.0,0.0
2010-12-06 00:00:00-05:00,11.696667527412174,11.831568262357644,11.668894243325406,11.70063591003418,20394871,0.0,0.0
2010-12-07 00:00:00-05:00,11.84346872915809,12.069625127511587,11.835533763934725,11.902983665466309,35430437,0.0,0.0
2010-12-08 00:00:00-05:00,11.946627835281209,11.994240324005453,11.756180577517227,11.962498664855957,25010251,0.0,0.0
2010-12-09 00:00:00-05:00,11.998207890024856,12.08549610472612,11.974401195975114,12.041851997375488,20779308,0.0,0.0
2010-12-10 00:00:00-05:00,12.101368223054369,12.224365592883577,12.033918313515766,12.176753997802734,23931785,0.0,0.0
2010-12-13 00:00:00-05:00,12.192624878448747,12.228333125381463,12.014080047607422,12.014080047607422,25545564,0.0,0.0
2010-12-14 00:00:00-05:00,12.053754609632525,12.224364457744397,12.006143018972834,12.20055866241455,23582275,0.0,0.0
2010-12-15 00:00:00-05:00,12.19262463911674,12.22833288534853,11.950597386313754,11.978370666503906,32932310,0.0,0.0
2010-12-16 00:00:00-05:00,12.025983535995499,12.113272666931152,11.883147838789764,12.113272666931152,23576335,0.0,0.0
2010-12-17 00:00:00-05:00,12.13707837159827,12.152948305240033,11.815697830640463,11.831567764282227,42961406,0.0,0.0
2010-12-20 00:00:00-05:00,11.843469920300242,11.859339852343071,11.700634238603865,11.736343383789062,25192015,0.0,0.0
2010-12-21 00:00:00-05:00,11.740313039529353,11.779989675068045,11.351482550676929,11.367352485656738,40707533,0.0,0.0
2010-12-22 00:00:00-05:00,11.418930174094148,11.502250013108737,11.32767357109729,11.335609436035156,25094124,0.0,0.0
2010-12-23 00:00:00-05:00,11.31973658623516,11.33163903295246,11.184835896796095,11.23641586303711,17316288,0.0,0.0
2010-12-27 00:00:00-05:00,11.180867657311378,11.291962555680541,11.109450278969133,11.232447624206543,12420302,0.0,0.0
2010-12-28 00:00:00-05:00,11.232448795996902,11.248319625854492,11.141193097643356,11.248319625854492,18811505,0.0,0.0
2010-12-29 00:00:00-05:00,11.256255292688731,11.307834365014939,11.161031214259298,11.252286911010742,10724551,0.0,0.0
2010-12-30 00:00:00-05:00,11.22054857989259,11.240386896399755,11.109453647834652,11.161033630371094,10352232,0.0,0.0
2010-12-31 00:00:00-05:00,11.133258385717903,11.153096700332487,10.986455217187757,11.04200267791748,16823743,0.0,0.0
2011-01-03 00:00:00-05:00,11.192774538207981,11.446704253063022,11.161032874328868,11.379254341125488,31258894,0.0,0.0
2011-01-04 00:00:00-05:00,11.458605739564248,11.6371505470177,11.287995897268777,11.295930862426758,28034662,0.0,0.0
2011-01-05 00:00:00-05:00,11.264189123958584,11.442733915897541,11.236415849274664,11.399089813232422,15881184,0.0,0.0
2011-01-06 00:00:00-05:00,11.43083154194127,11.462573200602183,11.228480940349822,11.276092529296875,17462174,0.0,0.0
2011-01-07 00:00:00-05:00,11.323705117889261,11.339575947360716,10.799974038641535,10.990421295166016,43036013,0.0,0.0
2011-01-10 00:00:00-05:00,10.966615533850058,11.232448556889576,10.9031331148154,11.212610244750977,27017258,0.0,0.0
2011-01-11 00:00:00-05:00,11.252286911010742,11.311801847648598,11.145160384680338,11.252286911010742,23371286,0.0,0.0
2011-01-12 00:00:00-05:00,11.299902021847503,11.438769340515138,11.228483721691996,11.438769340515137,24041318,0.0,0.0
2011-01-13 00:00:00-05:00,11.466541970091397,11.470509453108212,11.303867974046636,11.391156196594238,20709216,0.0,0.0
2011-01-14 00:00:00-05:00,11.379253580379372,11.585571684667062,11.272127045276994,11.57763671875,19872864,0.0,0.0
2011-01-18 00:00:00-05:00,11.597475682231376,11.728408021463656,11.53002577102485,11.68476390838623,28438106,0.0,0.0
2011-01-19 00:00:00-05:00,11.692698679102989,11.81569604045851,11.454638022966243,11.545894622802734,55426140,0.0,0.0
2011-01-20 00:00:00-05:00,11.9386953664478,12.29181850302337,11.843472160005607,12.212464332580566,66196786,0.0,0.0
2011-01-21 00:00:00-05:00,12.20055891935839,12.260073858458565,11.875210046184145,11.910919189453125,35683481,0.0,0.0
2011-01-24 00:00:00-05:00,11.899016195452196,12.129140975705338,11.883145365944337,12.105334281921387,30378110,0.0,0.0
2011-01-25 00:00:00-05:00,12.002176370725545,12.271978719928132,11.926791491133686,12.264042854309082,35390045,0.0,0.0
2011-01-26 00:00:00-05:00,12.20055953284156,12.355298562091662,12.014079740568624,12.323556900024414,31096375,0.0,0.0
2011-01-27 00:00:00-05:00,12.299750109842453,12.375134977837424,12.121205297980875,12.283879280090332,19948421,0.0,0.0
2011-01-28 00:00:00-05:00,12.232300004465099,12.379104064223412,11.938692783992863,12.025981903076172,30318948,0.0,0.0
2011-01-31 00:00:00-05:00,12.010110141086951,12.101366735996482,11.779986261082044,12.045819282531738,24993857,0.0,0.0
2011-02-01 00:00:00-05:00,12.14104514224484,12.617163801569902,12.109303478735757,12.553681373596191,34407806,0.0,0.0
2011-02-02 00:00:00-05:00,12.4981341542806,12.744129785938485,12.446554178549835,12.648904800415039,30349836,0.0,0.0
2011-02-03 00:00:00-05:00,12.609228783217905,12.863159393110065,12.605261300056743,12.716355323791504,29030681,0.0,0.0
2011-02-04 00:00:00-05:00,12.64890532528933,12.803644359858213,12.4862313244531,12.779838562011719,24932794,0.0,0.0
2011-02-07 00:00:00-05:00,12.752063844357513,12.934577051256216,12.732225530481081,12.791741371154785,28025870,0.0,0.0
2011-02-08 00:00:00-05:00,12.811577051466838,12.994090233655642,12.787771257846995,12.950446128845215,17393508,0.0,0.0
2011-02-09 00:00:00-05:00,12.851254061522424,12.902833129138966,12.625096783522313,12.676676750183105,29462875,0.0,0.0
2011-02-10 00:00:00-05:00,12.601292189468312,13.799525892056897,12.593357224170774,13.684463500976562,68854342,0.0,0.0
2011-02-11 00:00:00-05:00,13.561467696607927,13.779689156751777,13.470211989065342,13.692400932312012,34772760,0.0,0.0
2011-02-14 00:00:00-05:00,13.684463849724004,13.696367197018004,13.35118091402429,13.434501647949219,24969384,0.0,0.0
2011-02-15 00:00:00-05:00,13.367050151239727,13.700333968685515,13.367050151239727,13.672560691833496,24043694,0.0,0.0
2011-02-16 00:00:00-05:00,13.68843062200933,13.779687215741927,13.57336823396867,13.672560691833496,18053561,0.0,0.0
2011-02-17 00:00:00-05:00,13.656693144863812,14.025685292933131,13.648757278824277,13.763819694519043,25402291,0.0,0.0
2011-02-18 00:00:00-05:00,13.743980512627639,13.795558690518286,13.648755526645038,13.700335502624512,21685752,0.0,0.0
2011-02-22 00:00:00-05:00,13.54162732804721,13.69636633794174,13.299600106952845,13.351180076599121,20408414,0.0,0.0
2011-02-23 00:00:00-05:00,13.398794250891882,13.47814751240617,13.021866258699013,13.033769607543945,29108376,0.0,0.0
2011-02-24 00:00:00-05:00,13.013929685885751,13.172636189325546,12.894898909261542,13.128992080688477,22514738,0.0,0.0
2011-02-25 00:00:00-05:00,13.168670050309682,13.398794879108554,13.14883173400097,13.343247413635254,24698282,0.0,0.0
2011-02-28 00:00:00-05:00,13.371020946881709,13.486083355696161,13.236120222721471,13.295634269714355,19145808,0.0,0.0
2011-03-01 00:00:00-05:00,13.3829233646871,13.3829233646871,12.756033140684762,12.811579704284668,30541342,0.0,0.0
2011-03-02 00:00:00-05:00,12.7719024296196,13.049638810240653,12.656840034982004,12.966317176818848,20941114,0.0,0.0
2011-03-03 00:00:00-05:00,12.859190839650804,13.323407940391192,12.85522425558692,13.065510749816895,19902089,0.0,0.0
2011-03-04 00:00:00-05:00,12.958382346223145,13.013929802734692,12.617162641528363,12.700484275817871,26730475,0.0,0.0
2011-03-07 00:00:00-05:00,12.748094892299209,12.882995590921858,12.36719948957502,12.498132705688477,27216605,0.0,0.0
2011-03-08 00:00:00-05:00,12.498134328820266,12.672711673295787,12.454489318418071,12.565585136413574,26293291,0.0,0.0
2011-03-09 00:00:00-05:00,12.49813681803656,12.510039269480481,12.156917926219295,12.430685997009277,27083549,0.0,0.0
2011-03-10 00:00:00-05:00,12.319589974480746,12.609228833011585,12.17675428680374,12.33149242401123,28089547,0.0,0.0
2011-03-11 00:00:00-05:00,12.260073266903955,12.41877976351342,12.160881706523039,12.2680082321167,19630037,0.0,0.0
2011-03-14 00:00:00-04:00,12.196590893246329,12.220397588816247,11.950597063119645,12.208495140075684,22379782,0.0,0.0
2011-03-15 00:00:00-04:00,11.867273029700133,12.26403922179929,11.7958547555046,12.077559471130371,27780192,0.0,0.0
2011-03-16 00:00:00-04:00,12.045819572925227,12.236267732525755,11.748244885452118,11.795856475830078,34602876,0.0,0.0
2011-03-17 00:00:00-04:00,11.982337854309476,12.252138380655394,11.819663862108431,11.883146286010742,21786732,0.0,0.0
2011-03-18 00:00:00-04:00,12.02995109565545,12.323557436867805,11.998209432205462,12.089465141296387,29519424,0.0,0.0
2011-03-21 00:00:00-04:00,12.283880643525745,12.414813879708092,12.077562530981169,12.133109092712402,15339694,0.0,0.0
2011-03-22 00:00:00-04:00,12.105332992494466,12.113268855925252,11.895046546764203,11.990270614624023,24534814,0.0,0.0
2011-03-23 00:00:00-04:00,11.990272699007868,12.216429112826175,11.89108113171135,12.168817520141602,14780621,0.0,0.0
2011-03-24 00:00:00-04:00,12.2799121201793,12.601292610168457,12.18071965638246,12.601292610168457,21461695,0.0,0.0
2011-03-25 00:00:00-04:00,12.656841204495027,12.84728848652049,12.573519563374164,12.57748794555664,18922702,0.0,0.0
2011-03-28 00:00:00-04:00,12.625099170745905,12.625099170745905,12.01804639806691,12.037884712219238,56859581,0.0,0.0
2011-03-29 00:00:00-04:00,12.018046868330513,12.359265705293485,12.018046868330513,12.33149242401123,24536477,0.0,0.0
2011-03-30 00:00:00-04:00,12.418780857584432,12.644937275559142,12.339427602288827,12.549714088439941,23129410,0.0,0.0
2011-03-31 00:00:00-04:00,12.541777786125762,12.577486929572412,12.30371802854059,12.315621376037598,25469294,0.0,0.0
2011-04-01 00:00:00-04:00,12.474326706011752,12.585421616710883,12.180719498344923,12.442585945129395,21220056,0.0,0.0
2011-04-04 00:00:00-04:00,12.442588211264082,12.553682243152114,12.248172531654381,12.454490661621094,16849166,0.0,0.0
2011-04-05 00:00:00-04:00,12.450520466853156,13.033766437510033,12.418778810349762,12.633031845092773,30537065,0.0,0.0
2011-04-06 00:00:00-04:00,12.748096006460283,12.938543274944982,12.5497137722637,12.637001991271973,16991489,0.0,0.0
2011-04-07 00:00:00-04:00,12.589388763486381,12.668742012141221,12.359263982769615,12.510035514831543,23063832,0.0,0.0
2011-04-08 00:00:00-04:00,12.537808477088314,12.6489033820303,12.260073012821959,12.355297088623047,13410619,0.0,0.0
2011-04-11 00:00:00-04:00,12.394974690096756,12.565585454916764,12.268009835829666,12.375136375427246,13919558,0.0,0.0
2011-04-12 00:00:00-04:00,12.236266771421151,12.442584845579399,12.145010181479462,12.180718421936035,17424396,0.0,0.0
2011-04-13 00:00:00-04:00,12.260074121672154,12.307686613401115,12.065659369006488,12.168817520141602,17935474,0.0,0.0
2011-04-14 00:00:00-04:00,12.145012194246513,12.275945427767482,11.97837071435112,12.240236282348633,18985666,0.0,0.0
2011-04-15 00:00:00-04:00,12.240237296685887,12.58939111660182,12.184689832436113,12.541779518127441,28271786,0.0,0.0
2011-04-18 00:00:00-04:00,12.379105496025316,12.406878778601563,12.077563274870288,12.35926628112793,20319314,0.0,0.0
2011-04-19 00:00:00-04:00,12.347363831042893,12.383072979386993,12.204528136710985,12.35926628112793,14595530,0.0,0.0
2011-04-20 00:00:00-04:00,12.53780928949138,12.787772392285369,12.45448855490817,12.601292610168457,16564997,0.0,0.0
2011-04-21 00:00:00-04:00,12.621129301250924,12.696514161540046,12.549711923233192,12.676676750183105,19924186,0.0,0.0
2011-04-25 00:00:00-04:00,12.871094502577508,13.077412605285645,12.795707831720538,13.077412605285645,22101077,0.0,0.0
2011-04-26 00:00:00-04:00,13.20040769331817,13.255955141863891,13.01789541870586,13.125021934509277,24235200,0.0,0.0
2011-04-27 00:00:00-04:00,13.188506634993894,13.585272909073527,13.125024210950032,13.501952171325684,40305989,0.0,0.0
2011-04-28 00:00:00-04:00,13.700332949838597,13.747944534914007,13.172634435583184,13.490046501159668,44906400,0.0,0.0
2011-04-29 00:00:00-04:00,13.537659409261266,13.684463459171958,13.486081235940489,13.644786834716797,29273746,0.0,0.0
2011-05-02 00:00:00-04:00,13.374986070275773,13.640820006301489,13.327374478263835,13.347212791442871,22699829,0.0,0.0
2011-05-03 00:00:00-04:00,13.311503662644368,13.478146032959334,13.200409648145433,13.307537078857422,13769395,0.0,0.0
2011-05-04 00:00:00-04:00,13.232151715936553,13.275796728522273,12.958383685975734,13.097251892089844,21584059,0.0,0.0
2011-05-05 00:00:00-04:00,12.974252142361703,13.224215244538396,12.879028959669974,12.966317176818848,18519257,0.0,0.0
2011-05-06 00:00:00-04:00,13.093282176687469,13.2519877718597,12.76793332411697,12.982187271118164,26114141,0.0,0.0
2011-05-09 00:00:00-04:00,12.926641862621402,13.220249103163477,12.843321119789794,13.14089584350586,18237226,0.0,0.0
2011-05-10 00:00:00-04:00,13.49005069583716,13.64082226053152,13.339280030187323,13.46227741241455,34595986,0.0,0.0
2011-05-11 00:00:00-04:00,13.335311727673332,13.490049867302007,13.148831024999991,13.216280937194824,24948000,0.0,0.0
2011-05-12 00:00:00-04:00,13.19644048310444,13.390856120745118,13.077411510006836,13.323406219482422,19720800,0.0,0.0
2011-05-13 00:00:00-04:00,13.291666608384835,13.462275567106309,13.200410005571571,13.319439888000488,15441624,0.0,0.0
2011-05-16 00:00:00-04:00,13.224215323044504,13.251988601653743,12.815546614274064,12.8433198928833,17406576,0.0,0.0
2011-05-17 00:00:00-04:00,12.827450463776364,12.962351186851247,12.720323921388804,12.954415321350098,15842455,0.0,0.0
2011-05-18 00:00:00-04:00,12.9226750377608,13.065511631656529,12.771904376157364,13.045672416687012,13767970,0.0,0.0
2011-05-19 00:00:00-04:00,13.140895153793794,13.172636815608634,12.998059473715838,13.053606033325195,11340173,0.0,0.0
2011-05-20 00:00:00-04:00,13.009960296082438,13.045669436398603,12.87902798031556,12.886963844299316,16473046,0.0,0.0
2011-05-23 00:00:00-04:00,12.696516352074642,12.696516352074642,12.498134112880036,12.549714088439941,21384000,0.0,0.0
2011-05-24 00:00:00-04:00,12.593358028370618,12.680645349350645,12.22436503662912,12.22833251953125,32037746,0.0,0.0
2011-05-25 00:00:00-04:00,12.248169218558585,12.260072564740291,12.033916179642048,12.180718421936035,39816295,0.0,0.0
2011-05-26 00:00:00-04:00,12.133106670944981,12.248169052647198,12.049786844978762,12.164848327636719,28145146,0.0,0.0
2011-05-27 00:00:00-04:00,12.168816423728032,12.208493946116072,12.101366523661408,12.172784805297852,16574501,0.0,0.0
2011-05-31 00:00:00-04:00,12.363234321862713,12.462425898385897,12.279913577392135,12.367201805114746,22324421,0.0,0.0
2011-06-01 00:00:00-04:00,12.34736100651946,12.383070146694907,12.145010410917639,12.156913757324219,24648862,0.0,0.0
2011-06-02 00:00:00-04:00,12.105335134257619,12.43861808216747,12.105335134257619,12.410844802856445,37590934,0.0,0.0
2011-06-03 00:00:00-04:00,12.21642840565724,12.327523314216176,12.014078698938967,12.022013664245605,29185596,0.0,0.0
2011-06-06 00:00:00-04:00,11.990273433701772,12.0934333892467,11.700634578875192,11.728407859802246,29411316,0.0,0.0
2011-06-07 00:00:00-04:00,11.81966445283103,12.037885014950065,11.696666182757882,11.871244430541992,27101606,0.0,0.0
2011-06-08 00:00:00-04:00,12.12120498968545,12.256105690580839,12.041851741987495,12.129140853881836,53898372,0.0,0.0
2011-06-09 00:00:00-04:00,12.141042534640047,12.279910709338933,12.081527602626236,12.164848327636719,30451766,0.0,0.0
2011-06-10 00:00:00-04:00,12.097400107675863,12.22039747107636,11.875210278126648,11.887114524841309,31879742,0.0,0.0
2011-06-13 00:00:00-04:00,11.922821715374377,11.982336650373803,11.68872945790111,11.84743595123291,26931960,0.0,0.0
2011-06-14 00:00:00-04:00,11.942660038877753,12.0101099389929,11.772051097803551,11.807760238647461,26525426,0.0,0.0
2011-06-15 00:00:00-04:00,11.69666591120315,11.772052583980926,11.327673806683705,11.371318817138672,42323688,0.0,0.0
2011-06-16 00:00:00-04:00,11.359413280823567,11.54986233410263,11.212610132090678,11.295930862426758,31653785,0.0,0.0
2011-06-17 00:00:00-04:00,11.43480275600538,11.470511007038594,11.284031188585775,11.438769340515137,38420158,0.0,0.0
2011-06-20 00:00:00-04:00,11.375283363381097,11.49431412624652,11.331639259788856,11.434799194335938,28768608,0.0,0.0
2011-06-21 00:00:00-04:00,11.462572692935113,11.8553714310067,11.414961106096735,11.815694808959961,29395872,0.0,0.0
2011-06-22 00:00:00-04:00,11.752214745342572,11.772053960898134,11.625249879289743,11.645088195800781,24642209,0.0,0.0
2011-06-23 00:00:00-04:00,11.518121451214396,11.645087205514715,11.414963292982895,11.6054105758667,40162241,0.0,0.0
2011-06-24 00:00:00-04:00,11.625247564511646,11.728406610019471,11.17293475735854,11.248319625854492,54355039,0.0,0.0
2011-06-27 00:00:00-04:00,11.208644785465404,11.541927743588555,11.20467640340417,11.391156196594238,33331241,0.0,0.0
2011-06-28 00:00:00-04:00,11.422899849419077,11.668894627862686,11.371320763123261,11.490349769592285,38628295,0.0,0.0
2011-06-29 00:00:00-04:00,11.569701795800645,12.343396098440753,11.323707043809787,12.2442045211792,81007819,0.0,0.0
2011-06-30 00:00:00-04:00,12.827448066915526,13.021863699221585,12.57351750017155,12.803642272949219,75874709,0.0,0.0
2011-07-01 00:00:00-04:00,12.799676472970383,13.013930444919275,12.692549936518143,12.990123748779297,30799138,0.0,0.0
2011-07-05 00:00:00-04:00,12.994090233655642,13.045669303324592,12.843318708989488,12.950446128845215,21920501,0.0,0.0
2011-07-06 00:00:00-04:00,12.950448487512059,13.13295990485312,12.83538608184148,13.061542510986328,23466564,0.0,0.0
2011-07-07 00:00:00-04:00,13.132958906727985,13.331342039687954,13.109153110581666,13.224215507507324,26466739,0.0,0.0
2011-07-08 00:00:00-04:00,13.077414463924946,13.263894279451511,13.029802863931426,13.259926795959473,19914206,0.0,0.0
2011-07-11 00:00:00-04:00,13.13296010399181,13.517823956446815,12.982189448623883,13.057575225830078,37079381,0.0,0.0
2011-07-12 00:00:00-04:00,13.192472758006963,13.287695928245377,12.748094067702642,12.799674034118652,33327677,0.0,0.0
2011-07-13 00:00:00-04:00,12.859188671683539,13.013928578220066,12.71635301055389,12.847286224365234,27751918,0.0,0.0
2011-07-14 00:00:00-04:00,12.823481157073516,13.013929315397222,12.664774658151876,12.771902084350586,25996054,0.0,0.0
2011-07-15 00:00:00-04:00,12.902836152473656,13.105186786170833,12.827450375476229,13.017898559570312,37987963,0.0,0.0
2011-07-18 00:00:00-04:00,13.0178986671855,13.188507638595883,12.835386347029162,12.97425365447998,24605856,0.0,0.0
2011-07-19 00:00:00-04:00,13.125025384296718,13.513856727273135,12.998060524858632,13.39482593536377,43038864,0.0,0.0
2011-07-20 00:00:00-04:00,13.490048687706274,13.561466975939533,13.0813799689442,13.160733222961426,54494035,0.0,0.0
2011-07-21 00:00:00-04:00,13.394823340087395,13.882846165895725,13.2281827810258,13.267858505249023,63119628,0.0,0.0
2011-07-22 00:00:00-04:00,13.287697649073058,13.35118096951242,13.140894493406842,13.291666030883789,23491750,0.0,0.0
2011-07-25 00:00:00-04:00,13.073444685102364,13.486082703182918,13.033768955374944,13.410696029663086,24703747,0.0,0.0
2011-07-26 00:00:00-04:00,13.466244315482166,13.68446578710835,13.422600200965828,13.656692504882812,29158272,0.0,0.0
2011-07-27 00:00:00-04:00,13.55750172965295,13.5654375957905,13.216281961851735,13.23612117767334,28122336,0.0,0.0
2011-07-28 00:00:00-04:00,13.184539437192688,13.402760892655776,13.11708862971381,13.23215103149414,17935474,0.0,0.0
2011-07-29 00:00:00-04:00,13.140896115066726,13.283731805593293,12.97822210921579,12.99409294128418,25270423,0.0,0.0
2011-08-01 00:00:00-04:00,13.140893893839594,13.23611797110958,12.819513419717179,13.101217269897461,28607278,0.0,0.0
2011-08-02 00:00:00-04:00,12.994091590246528,13.057574012875145,12.589389460280893,12.597325325012207,35511221,0.0,0.0
2011-08-03 00:00:00-04:00,12.605261372086979,12.918706928321027,12.244204219558032,12.795708656311035,41387782,0.0,0.0
2011-08-04 00:00:00-04:00,12.561613667525027,12.617160214306455,11.914885324041807,11.918852806091309,57978914,0.0,0.0
2011-08-05 00:00:00-04:00,12.049787409322755,12.073592304390052,11.315769880108538,11.62524700164795,60790910,0.0,0.0
2011-08-08 00:00:00-04:00,11.244352597824495,11.407026587592867,10.688879823658285,10.692848205566406,53084592,0.0,0.0
2011-08-09 00:00:00-04:00,10.843619765409079,11.970435340560352,10.819813967167544,11.96646785736084,75020299,0.0,0.0
2011-08-10 00:00:00-04:00,11.653020268237125,12.049787398947483,11.422896393297394,11.565732955932617,53580463,0.0,0.0
2011-08-11 00:00:00-04:00,11.601440659389613,12.133106665924227,11.514152452089851,11.982336044311523,36111398,0.0,0.0
2011-08-12 00:00:00-04:00,12.041854368806028,12.172787615687252,11.851407072213219,12.113272666931152,29048738,0.0,0.0
2011-08-15 00:00:00-04:00,12.156916703385011,12.279914083534457,12.00217675877755,12.256108283996582,18171886,0.0,0.0
2011-08-16 00:00:00-04:00,12.125172530611566,12.228331573306479,11.851404543971617,12.045819282531738,20895257,0.0,0.0
2011-08-17 00:00:00-04:00,12.08549696815392,12.295782554610222,11.819663923353621,12.002175331115723,20909513,0.0,0.0
2011-08-18 00:00:00-04:00,11.645086913534643,11.795857562990122,10.946778429047319,11.085646629333496,39545194,0.0,0.0
2011-08-19 00:00:00-04:00,10.89916709423625,11.323706671333305,10.657139833488085,10.776168823242188,39867617,0.0,0.0
2011-08-22 00:00:00-04:00,11.0221655644144,11.105486315066425,10.760299063730127,10.855524063110352,24042269,0.0,0.0
2011-08-23 00:00:00-04:00,10.922971498752913,11.486379207574837,10.780135830224966,11.474475860595703,26661096,0.0,0.0
2011-08-24 00:00:00-04:00,11.47447726551465,11.772052885028756,11.335609961673251,11.526057243347168,24116400,0.0,0.0
2011-08-25 00:00:00-04:00,11.553829685786207,11.696665361436443,11.204675911868339,11.240385055541992,26084441,0.0,0.0
2011-08-26 00:00:00-04:00,11.20864505877971,11.69269957570048,10.974551867502004,11.68873119354248,29777458,0.0,0.0
2011-08-29 00:00:00-04:00,11.795856638248676,12.180719546395386,11.795856638248676,12.097399711608887,27525485,0.0,0.0
2011-08-30 00:00:00-04:00,12.018046480760294,12.375136137959243,11.922823291409449,12.279912948608398,28867212,0.0,0.0
2011-08-31 00:00:00-04:00,12.299752742985362,12.533845059571895,12.069627909925135,12.248172760009766,30801989,0.0,0.0
2011-09-01 00:00:00-04:00,12.208495547119293,12.363233679216528,12.002175640204516,12.057723999023438,23232528,0.0,0.0
2011-09-02 00:00:00-04:00,11.847438659905793,11.914889474419633,11.569702233076425,11.668893814086914,18950738,0.0,0.0
2011-09-06 00:00:00-04:00,11.311803933068724,11.65302278622327,11.272128200373285,11.613347053527832,23335409,0.0,0.0
2011-09-07 00:00:00-04:00,11.783954639962356,11.843469580548922,11.6292165136728,11.803792953491211,32637924,0.0,0.0
2011-09-08 00:00:00-04:00,11.764115493201883,12.16088173567673,11.720471386338515,12.105334281921387,32993374,0.0,0.0
2011-09-09 00:00:00-04:00,11.946628891676966,11.95059727370481,11.220547140109783,11.291964530944824,47190924,0.0,0.0
2011-09-12 00:00:00-04:00,11.284029778616748,11.716504311931637,11.268158947338122,11.672861099243164,39424968,0.0,0.0
2011-09-13 00:00:00-04:00,11.672860486326865,11.772052052804412,11.549863123703581,11.664924621582031,22210135,0.0,0.0
2011-09-14 00:00:00-04:00,11.7244381769726,12.180718429844472,11.530023448869834,11.95853042602539,33182266,0.0,0.0
2011-09-15 00:00:00-04:00,12.295782497870029,12.791741238689319,12.252138387602717,12.712387084960938,40206434,0.0,0.0
2011-09-16 00:00:00-04:00,12.978221651043068,13.45037371890348,12.839353448674972,13.36705207824707,65145406,0.0,0.0
2011-09-19 00:00:00-04:00,13.172637849423765,13.27182942657438,12.91077136651056,13.132960319519043,44173642,0.0,0.0
2011-09-20 00:00:00-04:00,13.168666897438182,13.275794319283255,12.839351464985699,12.98615550994873,32569733,0.0,0.0
2011-09-21 00:00:00-04:00,13.002026958818323,13.398793236346968,12.756032226368326,12.791741371154785,43054546,0.0,0.0
2011-09-22 00:00:00-04:00,12.323556984344744,12.656840842153573,12.21246206539366,12.565585136413574,46431792,0.0,0.0
2011-09-23 00:00:00-04:00,12.47035916998214,12.835384661401728,12.394973402261678,12.72825813293457,37274926,0.0,0.0
2011-09-26 00:00:00-04:00,12.82348110528687,12.938542597304924,12.398941582003687,12.914737701416016,34643268,0.0,0.0
2011-09-27 00:00:00-04:00,13.11708698513725,13.208344477369712,12.728257515351507,12.902833938598633,33944962,0.0,0.0
2011-09-28 00:00:00-04:00,12.99012430210158,13.148830821558086,12.506069777377022,12.553681373596191,29962073,0.0,0.0
2011-09-29 00:00:00-04:00,12.807611932766692,12.851256042568282,11.867275335369062,12.168817520141602,40097614,0.0,0.0
2011-09-30 00:00:00-04:00,11.9823398306575,12.12517553275789,11.56176769151125,11.70063591003418,41470229,0.0,0.0
2011-10-03 00:00:00-04:00,11.57763467218115,11.684761188346862,11.1372243626582,11.153094291687012,40270586,0.0,0.0
2011-10-04 00:00:00-04:00,11.010262067447588,11.649055679294083,10.875361335363628,11.645088195800781,41097910,0.0,0.0
2011-10-05 00:00:00-04:00,11.696667126593944,12.204528382263796,11.454639848128043,12.113272666931152,36855324,0.0,0.0
2011-10-06 00:00:00-04:00,12.133108278457364,12.482262952148828,11.930757662609883,12.474327087402344,34597411,0.0,0.0
2011-10-07 00:00:00-04:00,12.414815225796751,12.506070943567158,12.20056122474241,12.327526092529297,31854557,0.0,0.0
2011-10-10 00:00:00-04:00,12.573520715612435,12.867127980399546,12.462426682344695,12.81554889678955,17035445,0.0,0.0
2011-10-11 00:00:00-04:00,12.696517680019003,13.117089797264978,12.688582713277276,13.025834083557129,24420053,0.0,0.0
2011-10-12 00:00:00-04:00,13.192476094527876,13.355150100378813,12.97822210921579,12.99409294128418,33205788,0.0,0.0
2011-10-13 00:00:00-04:00,12.922673840501135,13.041703725023362,12.684614071456679,12.990123748779297,28616544,0.0,0.0
2011-10-14 00:00:00-04:00,13.196442212862777,13.44243785362721,13.180571381354678,13.36705207824707,30803177,0.0,0.0
2011-10-17 00:00:00-04:00,13.323408142513363,13.327375625681874,13.109154161924733,13.180571556091309,26487886,0.0,0.0
2011-10-18 00:00:00-04:00,13.240086747680653,13.54956480429306,12.886965479319725,13.438469886779785,29880814,0.0,0.0
2011-10-19 00:00:00-04:00,13.43053354546477,13.66065833827597,13.04963901075645,13.164700508117676,45151603,0.0,0.0
2011-10-20 00:00:00-04:00,12.629069031576188,12.871096312765186,12.160884403142763,12.756033897399902,61238549,0.0,0.0
2011-10-21 00:00:00-04:00,12.902837682098076,12.92267599949951,12.644939555879404,12.744132041931152,30860201,0.0,0.0
2011-10-24 00:00:00-04:00,12.688580871524085,12.938543076140327,12.553680163184142,12.8433198928833,25372829,0.0,0.0
2011-10-25 00:00:00-04:00,12.827449804560226,12.982188834869085,12.54177844017804,12.565585136413574,24712538,0.0,0.0
2011-10-26 00:00:00-04:00,12.672712160018659,12.799677015943896,12.1648509382288,12.33149242401123,30035016,0.0,0.0
2011-10-27 00:00:00-04:00,12.700485678040385,12.918707146322639,12.613197450345272,12.811579704284668,30768962,0.0,0.0
2011-10-28 00:00:00-04:00,12.71238739704896,13.212313633066717,12.696516565913656,13.192475318908691,28338077,0.0,0.0
2011-10-31 00:00:00-04:00,12.998059520913694,13.002027003893854,12.609228207969856,12.629067420959473,30198960,0.0,0.0
2011-11-01 00:00:00-04:00,12.212463269291884,12.53384470970898,12.180721603878377,12.256108283996582,37817604,0.0,0.0
2011-11-02 00:00:00-04:00,12.410845934534526,12.672712416119587,12.402910968020514,12.60922908782959,28238285,0.0,0.0
2011-11-03 00:00:00-04:00,12.70842073952529,13.132959401387964,12.672711594438614,13.11312198638916,28224029,0.0,0.0
2011-11-04 00:00:00-04:00,12.962350108998098,13.037734981201544,12.767934456530856,12.97822093963623,22653259,0.0,0.0
2011-11-07 00:00:00-05:00,12.930609108119027,12.934577490264529,12.633034389872655,12.882997512817383,16550741,0.0,0.0
2011-11-08 00:00:00-05:00,12.962350936967633,13.089315792093783,12.752064440430217,13.061542510986328,15510290,0.0,0.0
2011-11-09 00:00:00-05:00,12.767935446392366,12.767935446392366,12.347363346620254,12.371170043945312,22491216,0.0,0.0
2011-11-10 00:00:00-05:00,12.494165868934251,12.517971664264097,12.093432133908069,12.20055866241455,44684006,0.0,0.0
2011-11-11 00:00:00-05:00,12.339427059030788,12.680644962926074,12.311652881473476,12.601292610168457,17874648,0.0,0.0
2011-11-14 00:00:00-05:00,12.56558614680513,12.609229362627811,12.398943754978886,12.46242618560791,13317005,0.0,0.0
2011-11-15 00:00:00-05:00,12.375134433231855,12.569550066289699,12.23229876983738,12.478294372558594,19938679,0.0,0.0
2011-11-16 00:00:00-05:00,12.35132928785931,12.38307004627898,12.073592032660413,12.117236137390137,18453204,0.0,0.0
2011-11-17 00:00:00-05:00,12.069626933380874,12.10930356352281,11.54192829191982,11.764117240905762,29821651,0.0,0.0
2011-11-18 00:00:00-05:00,11.85537274972606,12.041852534470904,11.776018597761428,11.827598571777344,29241194,0.0,0.0
2011-11-21 00:00:00-05:00,11.637153998278512,11.656992316101285,11.280064277468586,11.407029151916504,31871664,0.0,0.0
2011-11-22 00:00:00-05:00,11.379253327868224,11.597474775233476,11.307835040021843,11.522089004516602,21106721,0.0,0.0
2011-11-23 00:00:00-05:00,11.434800386407602,11.69269845157252,11.307834645669029,11.327672958374023,25604964,0.0,0.0
2011-11-25 00:00:00-05:00,11.323704787091005,11.458605485091041,11.168965777592268,11.20070743560791,8259214,0.0,0.0
2011-11-28 00:00:00-05:00,11.625250723961866,11.839504737657327,11.549865834978199,11.768086433410645,22601938,0.0,0.0
2011-11-29 00:00:00-05:00,11.791893057105062,11.791893057105062,11.307837562802634,11.407029151916504,31937004,0.0,0.0
2011-11-30 00:00:00-05:00,11.772054243090306,11.85140751103666,11.629218540595776,11.740312576293945,28644106,0.0,0.0
2011-12-01 00:00:00-05:00,11.716503205309845,11.918854711672513,11.6688916150153,11.776018142700195,19756915,0.0,0.0
2011-12-02 00:00:00-05:00,11.895047630821932,12.01804498428832,11.736342035317536,11.744277000427246,22117709,0.0,0.0
2011-12-05 00:00:00-05:00,12.196589250496887,12.275943393301143,12.101366077220325,12.180718421936035,23860030,0.0,0.0
2011-12-06 00:00:00-05:00,12.216429604874621,12.375136118941368,12.18072045940072,12.260074615478516,21542004,0.0,0.0
2011-12-07 00:00:00-05:00,12.19262397470336,12.359264545807935,12.061690748840352,12.275944709777832,20853677,0.0,0.0
2011-12-08 00:00:00-05:00,12.148979147442832,12.478295508879254,12.137076698851919,12.311653137207031,40049381,0.0,0.0
2011-12-09 00:00:00-05:00,12.331492426165974,12.605261352037337,12.331492426165974,12.553681373596191,29707841,0.0,0.0
2011-12-12 00:00:00-05:00,12.40291079050725,12.458458252443753,12.25213923654309,12.35133171081543,24804490,0.0,0.0
2011-12-13 00:00:00-05:00,12.410845445984297,12.58145531071982,12.145012390651162,12.236268997192383,23789225,0.0,0.0
2011-12-14 00:00:00-05:00,12.35133350367476,12.371171821599969,11.883148841021985,12.010113716125488,24553346,0.0,0.0
2011-12-15 00:00:00-05:00,12.105334095716698,12.137075754244165,11.537958018087336,11.744277000427246,28422662,0.0,0.0
2011-12-16 00:00:00-05:00,11.823632451656005,12.244204560796906,11.795858270506216,12.061692237854004,39352262,0.0,0.0
2011-12-19 00:00:00-05:00,12.141045837500645,12.224366585177775,11.760149449757474,11.811729431152344,27107071,0.0,0.0
2011-12-20 00:00:00-05:00,12.041854348122742,12.164851728865182,11.92679193424968,12.152948379516602,21269002,0.0,0.0
2011-12-21 00:00:00-05:00,12.105335519763804,12.260074549960843,11.78792249332656,12.037884712219238,19208297,0.0,0.0
2011-12-22 00:00:00-05:00,12.02201359239734,12.204525884758253,11.97043362107945,12.145010948181152,15128230,0.0,0.0
2011-12-23 00:00:00-05:00,12.220398165744637,12.256107311740958,12.08152996390461,12.236268997192383,8047512,0.0,0.0
2011-12-27 00:00:00-05:00,12.22436412535796,12.315620720526132,12.117236700719975,12.2680082321167,8119030,0.0,0.0
2011-12-28 00:00:00-05:00,12.220398616637238,12.291816911264984,12.025982947079012,12.06566047668457,9680537,0.0,0.0
2011-12-29 00:00:00-05:00,12.049787664171188,12.081528423976525,11.867274474352126,12.045819282531738,13083682,0.0,0.0
2011-12-30 00:00:00-05:00,12.010111684019465,12.109303256862338,11.962500088672662,12.033918380737305,8769103,0.0,0.0
2012-01-03 00:00:00-05:00,12.232300797836421,12.498134756186394,12.20452751667117,12.434652328491211,25156850,0.0,0.0
2012-01-04 00:00:00-05:00,12.13707772634001,12.141045209539524,11.724440593657064,11.96646785736084,78181092,0.0,0.0
2012-01-05 00:00:00-05:00,11.982338884865591,12.200560353891218,11.895049757828655,12.18468952178955,31470358,0.0,0.0
2012-01-06 00:00:00-05:00,12.172787594779072,12.271979175868864,12.129143478908466,12.152948379516602,17417506,0.0,0.0
2012-01-09 00:00:00-05:00,12.303717403158808,12.331490680514317,11.974401062286956,12.105334281921387,18989230,0.0,0.0
2012-01-10 00:00:00-05:00,12.283879578799539,12.43861770027356,12.216428775473902,12.379103660583496,22115808,0.0,0.0
2012-01-11 00:00:00-05:00,12.438618376357777,12.656840729289554,12.430683410379638,12.50606918334961,22324421,0.0,0.0
2012-01-12 00:00:00-05:00,12.597325662589633,12.696516332511901,12.434651669293173,12.529875755310059,20653855,0.0,0.0
2012-01-13 00:00:00-05:00,12.478295549520714,12.52193965925164,12.125173390707975,12.148979187011719,29121444,0.0,0.0
2012-01-17 00:00:00-05:00,12.359266529794043,12.398944061342624,12.018047670067977,12.113272666931152,34327973,0.0,0.0
2012-01-18 00:00:00-05:00,11.946629006545182,12.06962637448073,11.85933988484829,12.037884712219238,74910528,0.0,0.0
2012-01-19 00:00:00-05:00,12.414813674874932,12.672711760822787,12.303718755156545,12.50210189819336,58984438,0.0,0.0
2012-01-20 00:00:00-05:00,12.498134173261759,12.676678998539465,12.438618332458116,12.668743133544922,31011790,0.0,0.0
2012-01-23 00:00:00-05:00,12.593360029318342,12.875063047706178,12.589391646741287,12.692551612854004,28466143,0.0,0.0
2012-01-24 00:00:00-05:00,12.589387644991321,12.791739130318854,12.589387644991321,12.676676750183105,17023090,0.0,0.0
2012-01-25 00:00:00-05:00,12.601293083453598,12.72429044855739,12.510036480836115,12.672711372375488,18704822,0.0,0.0
2012-01-26 00:00:00-05:00,12.724290914745438,12.81157913858632,12.478296175525188,12.58145523071289,15765473,0.0,0.0
2012-01-27 00:00:00-05:00,12.557648737975587,12.712386862668033,12.4782954846792,12.637001991271973,17279460,0.0,0.0
2012-01-30 00:00:00-05:00,12.517972407416297,12.61319649343318,12.478295779829628,12.529875755310059,19482250,0.0,0.0
2012-01-31 00:00:00-05:00,12.597325210235509,12.664775115093043,12.430682840928778,12.537809371948242,17936662,0.0,0.0
2012-02-01 00:00:00-05:00,12.65684138673404,12.894900267932439,12.597326441673326,12.775871276855469,27540691,0.0,0.0
2012-02-02 00:00:00-05:00,12.775871401388326,13.009962801673375,12.720323938981318,12.97425365447998,26349127,0.0,0.0
2012-02-03 00:00:00-05:00,13.093284534523415,13.20041107779318,13.029802105213758,13.073445320129395,21515630,0.0,0.0
2012-02-06 00:00:00-05:00,12.974251023420774,12.994090233655642,12.851254572892293,12.950446128845215,20895019,0.0,0.0
2012-02-07 00:00:00-05:00,12.96631840189928,13.085348290554455,12.863159344873685,13.041704177856445,16424100,0.0,0.0
2012-02-08 00:00:00-05:00,13.053606145215095,13.244055218692163,12.986157136130334,13.11312198638916,23426885,0.0,0.0
2012-02-09 00:00:00-05:00,13.136925709352925,13.20834398825064,12.938541701197526,13.196439743041992,18888725,0.0,0.0
2012-02-10 00:00:00-05:00,13.04964085050344,13.208347378528646,12.946480888051454,13.10518741607666,17369273,0.0,0.0
2012-02-13 00:00:00-05:00,13.208346870722448,13.28769923263978,13.093284462518946,13.156766891479492,12747002,0.0,0.0
2012-02-14 00:00:00-05:00,13.09328343604267,13.18453913956787,12.98218851978789,13.077412605285645,15516230,0.0,0.0
2012-02-15 00:00:00-05:00,13.156766890522274,13.430534921584988,13.04567196556605,13.216280937194824,32283187,0.0,0.0
2012-02-16 00:00:00-05:00,13.228184731260143,13.724141696179,13.224216349112886,13.692400932312012,33739438,0.0,0.0
2012-02-17 00:00:00-05:00,13.680495855343056,13.97013557091761,13.585271777685373,13.910619735717773,38596219,0.0,0.0
2012-02-21 00:00:00-05:00,13.910621123272524,14.017748558464772,13.855074563222187,13.942362785339355,22501195,0.0,0.0
2012-02-22 00:00:00-05:00,13.886816451208176,13.902686383455361,13.648755779922848,13.75588321685791,18213941,0.0,0.0
2012-02-23 00:00:00-05:00,13.787622629387947,14.343095376854235,13.767784316978437,14.291516304016113,44479670,0.0,0.0
2012-02-24 00:00:00-05:00,14.279614185921847,14.489899776134196,14.212164277542199,14.426417350769043,22231519,0.0,0.0
2012-02-27 00:00:00-05:00,14.34706511276164,14.600995731292537,14.295485132778444,14.50577163696289,23131548,0.0,0.0
2012-02-28 00:00:00-05:00,14.533542830380908,14.577186935755185,14.422448825704954,14.52957534790039,21855161,0.0,0.0
2012-02-29 00:00:00-05:00,14.525608116103756,14.549414810959792,14.140745203189395,14.180421829223633,32674039,0.0,0.0
2012-03-01 00:00:00-05:00,14.232000556912919,14.481963654456612,14.212163143423458,14.430383682250977,20357093,0.0,0.0
2012-03-02 00:00:00-05:00,14.41451601768955,14.426418467654514,14.212165377840314,14.382774353027344,28456402,0.0,0.0
2012-03-05 00:00:00-05:00,14.116938902060692,14.26374296190842,14.061392343299037,14.172487258911133,28267985,0.0,0.0
2012-03-06 00:00:00-05:00,14.01774814108451,14.12090719116352,13.819365006684727,13.930459022521973,24333804,0.0,0.0
2012-03-07 00:00:00-05:00,13.97807304458537,14.283582745391826,13.97807304458537,14.120908737182617,23319727,0.0,0.0
2012-03-08 00:00:00-05:00,14.22406711176955,14.283582055731857,14.101069740723,14.196293830871582,16544326,0.0,0.0
2012-03-09 00:00:00-05:00,14.21613196211748,14.450225165673412,14.19629454550921,14.382774353027344,19610554,0.0,0.0
2012-03-12 00:00:00-04:00,14.426416931555169,14.446255245095578,14.180422203271844,14.354999542236328,11539757,0.0,0.0
2012-03-13 00:00:00-04:00,14.398641255797896,14.81524577080949,14.216128082366946,14.811277389526367,34765632,0.0,0.0
2012-03-14 00:00:00-04:00,14.799377165519624,14.966018636934352,14.704153082263618,14.926342010498047,29677428,0.0,0.0
2012-03-15 00:00:00-04:00,14.743829179752383,14.846987319642292,14.5732184439384,14.612895965576172,30249331,0.0,0.0
2012-03-16 00:00:00-04:00,14.616865482307984,15.03743666147815,14.616865482307984,14.954116821289062,43707233,0.0,0.0
2012-03-19 00:00:00-04:00,14.783505117786104,15.073143927494145,14.712087735508259,14.993791580200195,26380015,0.0,0.0
2012-03-20 00:00:00-04:00,14.87873284625115,14.89460278017977,14.727962180617597,14.835088729858398,14569632,0.0,0.0
2012-03-21 00:00:00-04:00,14.846989631652832,14.954117068763965,14.731927228405066,14.846989631652832,21458131,0.0,0.0
2012-03-22 00:00:00-04:00,14.739862225865167,14.98188946731775,14.680347286210711,14.926342010498047,16986737,0.0,0.0
2012-03-23 00:00:00-04:00,14.981890783636683,14.985859165864479,14.652574395663647,14.716056823730469,21618511,0.0,0.0
2012-03-26 00:00:00-04:00,14.878732278498353,15.112824583547123,14.819217331403468,15.108856201171875,17715218,0.0,0.0
2012-03-27 00:00:00-04:00,15.11679117621776,15.148531039106107,14.977922083726176,15.025533676147461,20874110,0.0,0.0
2012-03-28 00:00:00-04:00,14.98982295821273,15.029500479789737,14.660507530617746,14.775569915771484,22252190,0.0,0.0
2012-03-29 00:00:00-04:00,14.71605588581988,14.731926716586191,14.56528614019533,14.676380157470703,29975616,0.0,0.0
2012-03-30 00:00:00-04:00,14.803344766242633,14.839053910128557,14.549415074263587,14.640670776367188,22865674,0.0,0.0
2012-04-02 00:00:00-04:00,14.553382693487965,14.58909183991442,14.386742107934884,14.517674446105957,27793973,0.0,0.0
2012-04-03 00:00:00-04:00,14.450222854126768,14.624799284709129,14.402610364749842,14.533543586730957,27946750,0.0,0.0
2012-04-04 00:00:00-04:00,14.398642504526501,14.402609987109464,14.085196995763324,14.176453590393066,28790705,0.0,0.0
2012-04-05 00:00:00-04:00,14.101067925369101,14.235968627458941,14.025682159579691,14.132808685302734,19584418,0.0,0.0
2012-04-09 00:00:00-04:00,14.097100184017181,14.47402720795739,14.06139104308347,14.402609825134277,25470958,0.0,0.0
2012-04-10 00:00:00-04:00,14.339127606289894,14.545445691588752,14.009811267286079,14.073293685913086,27880459,0.0,0.0
2012-04-11 00:00:00-04:00,14.220099014904815,14.354999728539255,14.144713242664002,14.18835735321045,18425405,0.0,0.0
2012-04-12 00:00:00-04:00,14.243905977188929,14.569253070898903,14.23200173002532,14.466094017028809,16483025,0.0,0.0
2012-04-13 00:00:00-04:00,14.410545266166574,14.48196355039282,14.283580426480292,14.331192016601562,17171352,0.0,0.0
2012-04-16 00:00:00-04:00,14.386743441715291,14.426419175924213,14.057427026093812,14.085200309753418,21971585,0.0,0.0
2012-04-17 00:00:00-04:00,14.180421219774752,14.410545101456401,14.176453737150716,14.315321922302246,20311236,0.0,0.0
2012-04-18 00:00:00-04:00,14.339126815658162,14.394673366991363,14.085196256107048,14.231999397277832,28578766,0.0,0.0
2012-04-19 00:00:00-04:00,15.525461012075791,16.60069845471095,15.48578438021603,16.11664390563965,144036209,0.0,0.0
2012-04-20 00:00:00-04:00,16.108705658966144,16.22376895962825,15.973805842287907,15.985709190368652,38995625,0.0,0.0
2012-04-23 00:00:00-04:00,15.628619039946994,15.830968758535557,15.588942412997616,15.73177719116211,37873678,0.0,0.0
2012-04-24 00:00:00-04:00,15.68416737856032,15.866680602477834,15.505622537023658,15.592910766601562,27413100,0.0,0.0
2012-04-25 00:00:00-04:00,15.71590530015734,16.045221622395744,15.553230430711697,15.815096855163574,25086283,0.0,0.0
2012-04-26 00:00:00-04:00,15.949997310479215,16.366601858737482,15.874612444791742,16.287248611450195,44480858,0.0,0.0
2012-04-27 00:00:00-04:00,16.48166370810756,16.497533636944894,16.14044405530869,16.358665466308594,25437931,0.0,0.0
2012-04-30 00:00:00-04:00,16.41025040090681,16.648310194078064,16.215833824296883,16.27535057067871,43385522,0.0,0.0
2012-05-01 00:00:00-04:00,16.144415622066518,16.43008698412448,16.144415622066518,16.16822052001953,28853431,0.0,0.0
2012-05-02 00:00:00-04:00,16.088864455022527,16.3666008026058,16.00951121285588,16.33089256286621,20670250,0.0,0.0
2012-05-03 00:00:00-04:00,16.279315704080425,16.318992332739285,15.870646069276424,16.02141761779785,23912302,0.0,0.0
2012-05-04 00:00:00-04:00,15.85080724799582,15.866678977805057,15.604812517796244,15.648457527160645,24895728,0.0,0.0
2012-05-07 00:00:00-04:00,15.557204251539794,16.017453946925,15.473882596966707,15.898422241210938,27766649,0.0,0.0
2012-05-08 00:00:00-04:00,15.82700074665197,15.985707240129681,15.581006041379243,15.946030616760254,26298043,0.0,0.0
2012-05-09 00:00:00-04:00,15.79525604011526,16.203925541571625,15.735741116546517,16.092830657958984,38912227,0.0,0.0
2012-05-10 00:00:00-04:00,16.2277364372337,16.42611958920803,16.176158256191517,16.35073471069336,42113650,0.0,0.0
2012-05-11 00:00:00-04:00,16.271379766226744,16.386441263230328,16.144414921718614,16.16425323486328,28870301,0.0,0.0
2012-05-14 00:00:00-04:00,16.04125739378057,16.132514007628867,15.83097088310989,15.969839096069336,26782985,0.0,0.0
2012-05-15 00:00:00-04:00,15.977772186595796,16.096803867529005,15.807164126323201,15.890485763549805,23007521,0.0,0.0
2012-05-16 00:00:00-04:00,15.977769926520663,16.148379760749094,15.763516886942622,15.815096855163574,27227297,0.0,0.0
2012-05-17 00:00:00-04:00,15.775421391112824,15.953966203229639,15.4857816696167,15.4857816696167,25193441,0.0,0.0
2012-05-18 00:00:00-04:00,15.513556048258307,15.64052089737732,15.164403162703223,15.219949722290039,38377627,0.0,0.0
2012-05-21 00:00:00-04:00,15.279464166223534,15.80716365746601,15.231852574115745,15.676230430603027,24781918,0.0,0.0
2012-05-22 00:00:00-04:00,15.688132552040688,15.87064394053776,15.469911123687138,15.56116771697998,21580970,0.0,0.0
2012-05-23 00:00:00-04:00,15.501653663046465,15.759551729395252,15.378655404475404,15.743680000305176,23734814,0.0,0.0
2012-05-24 00:00:00-04:00,16.04522347700121,16.13251169587829,15.56910395793847,15.735745429992676,40633639,0.0,0.0
2012-05-25 00:00:00-04:00,15.787322057343241,16.08886327663784,15.727807130077263,16.009510040283203,29953757,0.0,0.0
2012-05-29 00:00:00-04:00,16.096799785972376,16.529274198078564,15.98967148010517,16.461822509765625,39204950,0.0,0.0
2012-05-30 00:00:00-04:00,16.322960253376344,16.330895219266015,15.394526090153413,15.707972526550293,55982837,0.0,0.0
2012-05-31 00:00:00-04:00,15.692103527673089,15.7476500966567,15.398497152035514,15.54926872253418,44232091,0.0,0.0
2012-06-01 00:00:00-04:00,15.212014786193148,15.485782798833165,15.077114071836897,15.40246295928955,44995500,0.0,0.0
2012-06-04 00:00:00-04:00,15.45800884652978,15.668295324382306,15.390558941808068,15.537362098693848,46886321,0.0,0.0
2012-06-05 00:00:00-04:00,15.497683835665534,15.811130227459001,15.44213548616475,15.775420188903809,23370098,0.0,0.0
2012-06-06 00:00:00-04:00,15.870647063129255,16.255510025603318,15.854777129907445,16.243608474731445,24105946,0.0,0.0
2012-06-07 00:00:00-04:00,16.438022008226167,16.553085308716774,16.188058891258382,16.22773551940918,22633301,0.0,0.0
2012-06-08 00:00:00-04:00,16.184088670741268,16.465793417846594,16.00157728083368,16.287248611450195,20662646,0.0,0.0
2012-06-11 00:00:00-04:00,16.36660029141262,16.505468460866858,16.168217192192284,16.239635467529297,25235734,0.0,0.0
2012-06-12 00:00:00-04:00,16.27534972429468,16.378507883784174,16.08886812420379,16.231704711914062,33872731,0.0,0.0
2012-06-13 00:00:00-04:00,16.211862095130773,16.227732023736962,15.819062482198923,15.938094139099121,32646002,0.0,0.0
2012-06-14 00:00:00-04:00,15.98967490313823,16.02538494543481,15.711940318889917,15.922224998474121,23960059,0.0,0.0
2012-06-15 00:00:00-04:00,15.95793360282613,16.18012343294572,15.922225357812412,16.136478424072266,34706232,0.0,0.0
2012-06-18 00:00:00-04:00,16.144417418116753,16.93795006660682,16.104738987603223,16.858596801757812,63425419,0.0,0.0
2012-06-19 00:00:00-04:00,16.91810902969047,17.43390337017196,16.723692483222298,17.259326934814453,44589917,0.0,0.0
2012-06-20 00:00:00-04:00,17.23552194535051,17.26726360894408,16.937949018666412,17.041107177734375,27600566,0.0,0.0
2012-06-21 00:00:00-04:00,17.072848838111575,17.136330367197843,16.529279367246396,16.596729278564453,31180010,0.0,0.0
2012-06-22 00:00:00-04:00,16.664179139604325,17.00539887548582,16.60863257706032,16.981592178344727,50453885,0.0,0.0
2012-06-25 00:00:00-04:00,16.75940072685074,16.85859228131489,16.46182426536974,16.588790893554688,21328402,0.0,0.0
2012-06-26 00:00:00-04:00,16.71576090046042,17.021270623207535,16.664180916547224,16.862564086914062,29106238,0.0,0.0
2012-06-27 00:00:00-04:00,16.910171072775846,17.021265977477203,16.680048096430625,16.779239654541016,21661279,0.0,0.0
2012-06-28 00:00:00-04:00,16.30709105842323,16.362637626374376,15.942066387956489,16.180126190185547,35225626,0.0,0.0
2012-06-29 00:00:00-04:00,16.50150088502316,16.739560589766153,16.27137614415393,16.668142318725586,28923286,0.0,0.0
2012-07-02 00:00:00-04:00,16.747497938015,16.779239596117527,16.227733456090874,16.354700088500977,25874878,0.0,0.0
2012-07-03 00:00:00-04:00,16.38247747414254,16.493570608233075,16.271382541962954,16.34676742553711,11715818,0.0,0.0
2012-07-05 00:00:00-04:00,16.382472018203323,16.43008360239851,16.152347263490036,16.239635467529297,18255758,0.0,0.0
2012-07-06 00:00:00-04:00,16.180120701206256,16.223765702710992,15.850804393556224,16.03331756591797,20564042,0.0,0.0
2012-07-09 00:00:00-04:00,16.06903112296317,16.184090829553593,15.977772718703385,16.14044761657715,22476485,0.0,0.0
2012-07-10 00:00:00-04:00,16.28328102950479,16.346764349687668,15.56513518514063,15.743680000305176,28990051,0.0,0.0
2012-07-11 00:00:00-04:00,15.739712223005185,15.743678806410369,15.346912580577243,15.525457382202148,22641142,0.0,0.0
2012-07-12 00:00:00-04:00,15.394527467650718,15.664328918662944,15.283432540988159,15.596879005432129,23411678,0.0,0.0
2012-07-13 00:00:00-04:00,15.624651714332552,15.902388121754774,15.545298455069062,15.850808143615723,16434079,0.0,0.0
2012-07-16 00:00:00-04:00,15.759551843762155,15.763518427496923,15.275497367643245,15.31517219543457,31791593,0.0,0.0
2012-07-17 00:00:00-04:00,15.501657485961914,15.644492294465287,15.100922749419476,15.501657485961914,27793498,0.0,0.0
2012-07-18 00:00:00-04:00,15.56513680844778,16.108706276131617,15.50165527973305,16.053159713745117,44456386,0.0,0.0
2012-07-19 00:00:00-04:00,17.457708336692672,17.63228655285539,17.160133670824063,17.437870025634766,83817677,0.0,0.0
2012-07-20 00:00:00-04:00,17.37042423916169,18.044926974782484,17.338682574338208,17.794963836669922,53364010,0.0,0.0
2012-07-23 00:00:00-04:00,17.362482801573275,17.628317599597175,16.989525083106262,17.552932739257812,42311095,0.0,0.0
2012-07-24 00:00:00-04:00,17.501358538693495,17.715611642523186,17.116495549471743,17.26726531982422,25864423,0.0,0.0
2012-07-25 00:00:00-04:00,17.259331759933765,17.390265022100728,16.9855636829304,17.136333465576172,24536952,0.0,0.0
2012-07-26 00:00:00-04:00,17.4180366810532,17.56880824770112,17.176010295989887,17.374393463134766,25014766,0.0,0.0
2012-07-27 00:00:00-04:00,17.46167878577147,18.04492669846601,17.422003952960875,17.9417667388916,34202758,0.0,0.0
2012-07-30 00:00:00-04:00,17.89018531683712,18.31075644934311,17.85844365824889,18.0925350189209,31003711,0.0,0.0
2012-07-31 00:00:00-04:00,18.021120080670574,18.03302342961106,17.56087223904654,17.57674217224121,27016546,0.0,0.0
2012-08-01 00:00:00-04:00,17.735445785547157,17.7989273059953,17.346614505208688,17.414064407348633,17677915,0.0,0.0
2012-08-02 00:00:00-04:00,17.22361650663469,17.723540852543106,17.16410157511546,17.366451263427734,20538144,0.0,0.0
2012-08-03 00:00:00-04:00,17.76718851248312,17.93779836797552,17.608482004692753,17.65609359741211,19973131,0.0,0.0
2012-08-06 00:00:00-04:00,17.69179964676543,17.85447451629709,17.521191610535336,17.76321792602539,17362382,0.0,0.0
2012-08-07 00:00:00-04:00,17.87034600765597,18.24727574790942,17.85050769491046,18.09650421142578,21161369,0.0,0.0
2012-08-08 00:00:00-04:00,17.933831267092966,17.94573461564528,17.73941650039786,17.830671310424805,20754598,0.0,0.0
2012-08-09 00:00:00-04:00,17.878279185529593,17.9377959159039,17.50928804382858,17.564834594726562,20503454,0.0,0.0
2012-08-10 00:00:00-04:00,17.525159467317785,17.687834348669913,17.350583036964654,17.45374298095703,18400932,0.0,0.0
2012-08-13 00:00:00-04:00,17.485487372672516,18.068735348380958,17.481520788007387,17.9814453125,38491438,0.0,0.0
2012-08-14 00:00:00-04:00,18.096505916941176,18.271082366319256,17.953669332476288,17.997312545776367,26494538,0.0,0.0
2012-08-15 00:00:00-04:00,17.949696676283644,18.080629881184908,17.83463519814861,17.846538543701172,17249998,0.0,0.0
2012-08-16 00:00:00-04:00,17.87827768836044,18.235367252171596,17.862407760315296,18.167919158935547,27051473,0.0,0.0
2012-08-17 00:00:00-04:00,18.350435090382383,18.667848114981716,18.152051950007802,18.5964298248291,33970622,0.0,0.0
2012-08-20 00:00:00-04:00,18.67578137317413,18.67578137317413,18.310756787882294,18.409948348999023,17460036,0.0,0.0
2012-08-21 00:00:00-04:00,18.41391663045417,18.52104496480899,18.048892011505078,18.191728591918945,22093474,0.0,0.0
2012-08-22 00:00:00-04:00,18.65990978510337,19.076512506698872,18.596426472392313,18.648006439208984,43304738,0.0,0.0
2012-08-23 00:00:00-04:00,18.75116904324129,18.782910707161,18.41391768503335,18.57262420654297,27998071,0.0,0.0
2012-08-24 00:00:00-04:00,18.544848443336683,18.83845654769397,18.52897851254491,18.687685012817383,22451537,0.0,0.0
2012-08-27 00:00:00-04:00,18.78687874441661,18.798780294840117,18.513108920986895,18.640073776245117,16398439,0.0,0.0
2012-08-28 00:00:00-04:00,18.5884963866533,18.73133297869852,18.5448513729481,18.624204635620117,16325971,0.0,0.0
2012-08-29 00:00:00-04:00,18.735295960958123,19.009063945306764,18.735295960958123,18.842422485351562,25207697,0.0,0.0
2012-08-30 00:00:00-04:00,18.731331724253245,18.76703997082867,18.441691975279884,18.469465255737305,16771946,0.0,0.0
2012-08-31 00:00:00-04:00,18.644043533755806,18.965424976853505,18.54882033481006,18.834491729736328,20122582,0.0,0.0
2012-09-04 00:00:00-04:00,18.834492795859568,18.949554317606133,18.552789767480714,18.790847778320312,17968025,0.0,0.0
2012-09-05 00:00:00-04:00,18.540884665287276,18.8305244598197,18.394083273790955,18.711496353149414,29605435,0.0,0.0
2012-09-06 00:00:00-04:00,18.890036067847294,19.548666949363295,18.86622937414066,19.40583038330078,35625269,0.0,0.0
2012-09-07 00:00:00-04:00,19.44154475970883,19.544702926570377,19.322514860806937,19.536767959594727,29448382,0.0,0.0
2012-09-10 00:00:00-04:00,19.44153985494569,19.493118026319664,19.23521997709543,19.25505828857422,24273929,0.0,0.0
2012-09-11 00:00:00-04:00,19.247125034762078,19.290768240965143,19.04080515784363,19.175704956054688,28477786,0.0,0.0
2012-09-12 00:00:00-04:00,19.21935640103198,19.36219301013621,18.921781630472495,19.04081153869629,19185012,0.0,0.0
2012-09-13 00:00:00-04:00,18.989231062934284,19.473285605120044,18.91781276698482,19.393932342529297,22278564,0.0,0.0
2012-09-14 00:00:00-04:00,19.528829871832123,20.096205992213267,19.485184863307126,19.826404571533203,34386185,0.0,0.0
2012-09-17 00:00:00-04:00,20.020820221924303,20.02875518798828,19.762922137267573,20.02875518798828,16114507,0.0,0.0
2012-09-18 00:00:00-04:00,19.786725231847203,19.90178671405278,19.691500262146384,19.822433471679688,19017029,0.0,0.0
2012-09-19 00:00:00-04:00,19.90179110574919,20.02478937780472,19.65579635972704,19.9930477142334,16867224,0.0,0.0
2012-09-20 00:00:00-04:00,19.9533701612082,19.973208475261398,19.71927697652712,19.87004852294922,16761254,0.0,0.0
2012-09-21 00:00:00-04:00,19.8343374095955,19.850207339308337,19.564536017857247,19.628019332885742,43508599,0.0,0.0
2012-09-24 00:00:00-04:00,19.572477627947645,19.691505726448515,19.382029433786027,19.56454086303711,18727157,0.0,0.0
2012-09-25 00:00:00-04:00,19.56850446646615,19.639920948507513,18.985258475234026,19.05667495727539,29036858,0.0,0.0
2012-09-26 00:00:00-04:00,19.009065888941656,19.10429087443019,18.79084443623588,18.862262725830078,28980072,0.0,0.0
2012-09-27 00:00:00-04:00,18.92971176332189,19.560571194636704,18.92971176332189,19.489152908325195,23152694,0.0,0.0
2012-09-28 00:00:00-04:00,19.46534590682061,19.516925879348914,19.13603135517029,19.191577911376953,17556977,0.0,0.0
2012-10-01 00:00:00-04:00,19.27092999581832,19.461376347338323,19.07254688124449,19.136030197143555,15568265,0.0,0.0
2012-10-02 00:00:00-04:00,19.274899960926195,19.31060820524775,19.024936856409063,19.203481674194336,11781396,0.0,0.0
2012-10-03 00:00:00-04:00,19.310609384052622,19.31854435015416,19.108257858974717,19.278867721557617,21079159,0.0,0.0
2012-10-04 00:00:00-04:00,19.719275645091308,19.9335305012528,19.56453752515971,19.635955810546875,25680283,0.0,0.0
2012-10-05 00:00:00-04:00,19.77878928749308,19.85417414477795,19.262993237617735,19.334409713745117,16958225,0.0,0.0
2012-10-08 00:00:00-04:00,19.175704072905575,19.38202394032183,18.838454592910164,19.013031005859375,24718003,0.0,0.0
2012-10-09 00:00:00-04:00,19.005097219718564,19.044773843129807,18.298852963380753,18.338529586791992,34466731,0.0,0.0
2012-10-10 00:00:00-04:00,18.409949298800342,18.6242023626307,18.322661080132,18.552785873413086,27346334,0.0,0.0
2012-10-11 00:00:00-04:00,18.751165891205808,18.90590580251956,18.608331124710762,18.842422485351562,26069947,0.0,0.0
2012-10-12 00:00:00-04:00,18.894003411006242,19.07254822671814,18.850358403485625,18.985260009765625,18049997,0.0,0.0
2012-10-15 00:00:00-04:00,18.953516243458402,19.072546107373046,18.350431959241917,18.806713104248047,36000914,0.0,0.0
2012-10-16 00:00:00-04:00,18.90987449942818,19.235220661550912,18.747199620278153,19.139997482299805,22164278,0.0,0.0
2012-10-17 00:00:00-04:00,19.22728457280569,19.318541163140747,18.96541994612209,19.124126434326172,43263634,0.0,0.0
2012-10-18 00:00:00-04:00,19.21538633402265,20.211268640165517,19.191579637456517,20.167625427246094,83018628,0.0,0.0
2012-10-19 00:00:00-04:00,20.11604430552667,20.15571913406472,19.66769806502596,19.826404571533203,47050027,0.0,0.0
2012-10-22 00:00:00-04:00,19.81053310493461,20.056527811340146,19.762919718201147,19.89781951904297,22625460,0.0,0.0
2012-10-23 00:00:00-04:00,19.719274479009123,20.024785915205356,19.520893161691653,19.580408096313477,24657890,0.0,0.0
2012-10-24 00:00:00-04:00,19.624055365571284,19.671666963507935,19.171742488039616,19.393932342529297,26714794,0.0,0.0
2012-10-25 00:00:00-04:00,19.52485848003344,19.588341792085423,19.163802312242186,19.179672241210938,17602834,0.0,0.0
2012-10-26 00:00:00-04:00,19.187612923713,19.747054158861246,19.124131390831646,19.64389419555664,25827358,0.0,0.0
2012-10-31 00:00:00-04:00,19.631990253971935,19.647860185737724,19.088419018706023,19.147933959960938,37708070,0.0,0.0
2012-11-01 00:00:00-04:00,19.219351531988632,19.63198952147998,19.096355070170898,19.52882957458496,18710050,0.0,0.0
2012-11-02 00:00:00-04:00,19.588343888431112,19.675632103277813,19.31854248046875,19.31854248046875,19390298,0.0,0.0
2012-11-05 00:00:00-05:00,19.350283322824712,19.62008471939469,19.20348017704194,19.580408096313477,12751992,0.0,0.0
2012-11-06 00:00:00-05:00,19.588344219651667,19.830372353994637,19.512957552486274,19.635955810546875,14163098,0.0,0.0
2012-11-07 00:00:00-05:00,19.366154762656564,19.520894683590377,19.044775169496315,19.203481674194336,28261807,0.0,0.0
2012-11-08 00:00:00-05:00,19.223321294505578,19.592312504549618,18.953519858554163,18.993196487426758,24077196,0.0,0.0
2012-11-09 00:00:00-05:00,18.858295520279714,19.223320124064738,18.771005503603696,18.93764877319336,21580970,0.0,0.0
2012-11-12 00:00:00-05:00,18.94558666056572,19.05667979330608,18.640075151262636,18.834491729736328,14071622,0.0,0.0
2012-11-13 00:00:00-05:00,18.719426222728725,19.12809584998384,18.64800973093306,18.94161605834961,15393154,0.0,0.0
2012-11-14 00:00:00-05:00,18.973361559882253,19.04081148138822,18.338535384599354,18.437726974487305,22854031,0.0,0.0
2012-11-15 00:00:00-05:00,18.37423975468058,18.50913955598285,18.116341700711413,18.45755958557129,19029859,0.0,0.0
2012-11-16 00:00:00-05:00,18.48533425820356,18.85829562787895,18.34249948099728,18.75116729736328,26832406,0.0,0.0
2012-11-19 00:00:00-05:00,18.937646145287786,19.143964214615536,18.838454592910164,19.013031005859375,21214591,0.0,0.0
2012-11-20 00:00:00-05:00,19.056677357085643,19.219352249084594,18.8860692972926,19.147933959960938,15687065,0.0,0.0
2012-11-21 00:00:00-05:00,19.147935703280897,19.362190590158654,19.056679092097163,19.294740676879883,17218397,0.0,0.0
2012-11-23 00:00:00-05:00,19.409800710857983,19.50105731509739,19.342350802711927,19.44550895690918,9483329,0.0,0.0
2012-11-26 00:00:00-05:00,19.604215640288146,20.544549490420334,19.58834391151361,20.393779754638672,42771326,0.0,0.0
2012-11-27 00:00:00-05:00,20.26284833405642,20.5247148002675,19.997013485776847,20.29458999633789,33557198,0.0,0.0
2012-11-28 00:00:00-05:00,20.250944706350005,20.445359463245506,20.032723253549875,20.421554565429688,22321094,0.0,0.0
2012-11-29 00:00:00-05:00,20.536612962662186,20.949249109988056,20.433453026786445,20.711191177368164,32616778,0.0,0.0
2012-11-30 00:00:00-05:00,20.631841563679,21.028606053242942,20.57232662053108,20.957189559936523,27742414,0.0,0.0
2012-12-03 00:00:00-05:00,21.056382367399674,21.088124031892214,20.615971043026992,20.64771270751953,20154658,0.0,0.0
2012-12-04 00:00:00-05:00,20.65167725316118,20.679450530149023,20.39774578248565,20.627870559692383,19675418,0.0,0.0
2012-12-05 00:00:00-05:00,20.675484366543824,20.830224294513773,20.433456216638657,20.639774322509766,18878983,0.0,0.0
2012-12-06 00:00:00-05:00,20.627870559692383,20.917510272482478,20.54454893064022,20.627870559692383,16827782,0.0,0.0
2012-12-07 00:00:00-05:00,20.67945618709527,20.766744423544516,20.421558062351654,20.528684616088867,14961672,0.0,0.0
2012-12-10 00:00:00-05:00,20.608036175265937,20.6278744909078,20.151754915503062,20.302526473999023,18434909,0.0,0.0
2012-12-11 00:00:00-05:00,20.401714164093327,20.711192188744544,20.350134193636688,20.627870559692383,24652426,0.0,0.0
2012-12-12 00:00:00-05:00,20.64374385702394,20.889740402695775,20.55645563021567,20.5762939453125,20411503,0.0,0.0
2012-12-13 00:00:00-05:00,20.552487620929718,20.619937527964147,20.135883032783852,20.243009567260742,29512296,0.0,0.0
2012-12-14 00:00:00-05:00,20.326326384538664,20.354099660002145,19.90575527501951,19.98114013671875,19261757,0.0,0.0
2012-12-17 00:00:00-05:00,20.044627624643557,20.49297210299224,19.9216293530061,20.35807228088379,22887058,0.0,0.0
2012-12-18 00:00:00-05:00,20.457262178154533,20.84609347800209,20.401715620214354,20.59613037109375,33563138,0.0,0.0
2012-12-19 00:00:00-05:00,20.63184252498884,20.671517357513853,20.314429480077216,20.369976043701172,21427718,0.0,0.0
2012-12-20 00:00:00-05:00,20.425522803765812,20.703257398196243,20.19936458852911,20.687387466430664,23046725,0.0,0.0
2012-12-21 00:00:00-05:00,20.401714699225117,20.42948797694145,20.112074978837846,20.37394142150879,32527678,0.0,0.0
2012-12-24 00:00:00-05:00,20.270783567667756,20.548519969641113,20.21126862438775,20.266815185546875,11667110,0.0,0.0
2012-12-26 00:00:00-05:00,20.243010787162763,20.274752450647338,19.778794577728696,19.93353271484375,17254037,0.0,0.0
2012-12-27 00:00:00-05:00,20.00891378523897,20.096203792735295,19.707372534731384,19.953367233276367,18783943,0.0,0.0
2012-12-28 00:00:00-05:00,19.798632331679,20.01288540747373,19.751018938756744,19.762922286987305,12018996,0.0,0.0
2012-12-31 00:00:00-05:00,19.74308548256154,20.314430058524703,19.520897423650027,20.235074996948242,17851601,0.0,0.0
2013-01-02 00:00:00-05:00,20.79054430358757,21.3063404284869,20.64770953246866,21.262697219848633,32786186,0.0,0.0
2013-01-03 00:00:00-05:00,21.22302093771638,21.286502459876328,20.691353075377783,20.81038475036621,25735406,0.0,0.0
2013-01-04 00:00:00-05:00,20.81434796804076,21.07621257601891,20.719123003067267,20.941312789916992,15411449,0.0,0.0
2013-01-07 00:00:00-05:00,20.842125719767495,21.258730311051146,20.655645929001146,21.23095703125,24200986,0.0,0.0
2013-01-08 00:00:00-05:00,21.171441357280184,21.50472429954273,20.83419003314526,20.901639938354492,27391003,0.0,0.0
2013-01-09 00:00:00-05:00,20.95718872985352,21.19524849301601,20.81038556885441,20.933382034301758,19245362,0.0,0.0
2013-01-10 00:00:00-05:00,21.16350419460049,21.226985711347204,20.80244621289089,21.028602600097656,17419169,0.0,0.0
2013-01-11 00:00:00-05:00,21.08415314241535,21.357921145170494,21.052411481697234,21.30634117126465,27193795,0.0,0.0
2013-01-14 00:00:00-05:00,21.258729776628805,21.294439819551553,20.961155076049774,21.10002326965332,25185838,0.0,0.0
2013-01-15 00:00:00-05:00,21.103989859874158,21.211116383370015,20.774673526240612,20.83418846130371,22867574,0.0,0.0
2013-01-16 00:00:00-05:00,21.00083129785782,21.21111777516337,20.5842267250801,20.988929748535156,52873366,0.0,0.0
2013-01-17 00:00:00-05:00,21.4769490118299,21.774523681762005,21.32617748611325,21.492820739746094,58113634,0.0,0.0
2013-01-18 00:00:00-05:00,21.49282566894974,21.62375711527706,21.30634406122006,21.508695602416992,25087471,0.0,0.0
2013-01-22 00:00:00-05:00,21.48488157674717,21.5523332662012,21.052407157324723,21.175403594970703,25371403,0.0,0.0
2013-01-23 00:00:00-05:00,21.18334879950958,21.43331015547917,21.159542099851002,21.179380416870117,21471437,0.0,0.0
2013-01-24 00:00:00-05:00,21.25873307647507,21.95704253479646,21.25476469394919,21.897525787353516,30296851,0.0,0.0
2013-01-25 00:00:00-05:00,22.21890698505013,22.480773478519456,22.187167117553628,22.4291934967041,31672555,0.0,0.0
2013-01-28 00:00:00-05:00,22.294287317052422,22.353800450705908,22.11177414047488,22.19906234741211,18714326,0.0,0.0
2013-01-29 00:00:00-05:00,22.08400535583496,22.155423648065238,21.937202187304816,22.08400535583496,16720387,0.0,0.0
2013-01-30 00:00:00-05:00,22.210971763766235,22.417289890575415,22.028458537306765,22.13161849975586,16582817,0.0,0.0
2013-01-31 00:00:00-05:00,21.964974384913152,22.322064030365276,21.945136071276924,22.207000732421875,18880646,0.0,0.0
2013-02-01 00:00:00-05:00,22.381574998970525,22.722792854100717,22.27048010270711,22.69898796081543,20128046,0.0,0.0
2013-02-04 00:00:00-05:00,22.476801747315122,22.508543408171597,22.072100516139166,22.09590721130371,20574259,0.0,0.0
2013-02-05 00:00:00-05:00,22.230809496415265,22.564092477277644,22.139552885580176,22.385547637939453,14695322,0.0,0.0
2013-02-06 00:00:00-05:00,22.222873724477754,22.41728848992034,22.107810419998575,22.262550354003906,16639841,0.0,0.0
2013-02-07 00:00:00-05:00,22.286351039193523,22.37364104611828,21.96100489629883,22.27048110961914,18168322,0.0,0.0
2013-02-08 00:00:00-05:00,22.40141373369393,22.64740842416875,22.37364045862376,22.464895248413086,19166954,0.0,0.0
2013-02-11 00:00:00-05:00,22.42522345364438,22.449028350595302,22.119711992353196,22.38157844543457,12238538,0.0,0.0
2013-02-12 00:00:00-05:00,22.377611704239836,22.687089772002015,22.26255019865247,22.528383255004883,23816311,0.0,0.0
2013-02-13 00:00:00-05:00,22.56012081364626,22.718827301769828,22.381576014507246,22.63550567626953,21612096,0.0,0.0
2013-02-14 00:00:00-05:00,22.53234795156265,22.663281176734902,22.468866428934913,22.548219680786133,16762205,0.0,0.0
2013-02-15 00:00:00-05:00,22.54028425857845,22.67518406475711,22.381577758091225,22.496639251708984,21693355,0.0,0.0
2013-02-19 00:00:00-05:00,22.560124880894065,22.607736476297074,22.36174173497414,22.488706588745117,13548190,0.0,0.0
2013-02-20 00:00:00-05:00,22.57599437644148,22.655347633273806,22.012586612549732,22.032424926757812,17572896,0.0,0.0
2013-02-21 00:00:00-05:00,21.957038885809677,22.052262069715393,21.38569438810915,21.67136573791504,25490678,0.0,0.0
2013-02-22 00:00:00-05:00,21.806267614988506,21.873717520927126,21.651529489712328,21.830074310302734,12087425,0.0,0.0
2013-02-25 00:00:00-05:00,21.984811026757,22.08003420573432,21.266665206588794,21.270631790161133,17431286,0.0,0.0
2013-02-26 00:00:00-05:00,21.33411600055608,21.413469259073953,21.076217910373003,21.353954315185547,20108088,0.0,0.0
2013-02-27 00:00:00-05:00,21.43330809786642,21.647562979957716,21.294441690152976,21.484888076782227,18205625,0.0,0.0
2013-02-28 00:00:00-05:00,21.62375538710071,21.893556821104358,21.528532197729476,21.707077026367188,22751388,0.0,0.0
2013-03-01 00:00:00-05:00,21.659466705990017,21.861816444831113,21.433308471272092,21.7824649810791,15260810,0.0,0.0
2013-03-04 00:00:00-05:00,21.560271881151422,22.016553068009188,21.52456363793716,22.012584686279297,23168138,0.0,0.0
2013-03-05 00:00:00-05:00,22.04035827818942,22.218903092982305,21.72691365589961,21.925296783447266,23314738,0.0,0.0
2013-03-06 00:00:00-05:00,21.814203838887945,21.822138805087423,21.203184470195094,21.254762649536133,34595273,0.0,0.0
2013-03-07 00:00:00-05:00,21.30237470519165,21.37379299267986,20.929413336348233,21.02066993713379,22453200,0.0,0.0
2013-03-08 00:00:00-05:00,21.10002324987678,21.211118164273245,20.73499864379305,21.080184936523438,31070952,0.0,0.0
2013-03-11 00:00:00-04:00,21.06828364561377,21.163506831643254,20.89767199097411,20.933382034301758,21300840,0.0,0.0
2013-03-12 00:00:00-04:00,20.512812867025247,21.068287548733988,20.195401588760298,21.012739181518555,38310386,0.0,0.0
2013-03-13 00:00:00-04:00,21.012736128748134,21.028606061024576,20.08430373453256,20.22713851928711,47057155,0.0,0.0
2013-03-14 00:00:00-04:00,20.548521851890616,20.988933191739985,20.473136969399548,20.552490234375,40736045,0.0,0.0
2013-03-15 00:00:00-04:00,20.52074488881352,20.663579661301576,19.96923871728146,20.000980377197266,51718392,0.0,0.0
2013-03-18 00:00:00-04:00,19.782758815598484,20.056528607833474,19.659762356555543,19.88195037841797,34069464,0.0,0.0
2013-03-19 00:00:00-04:00,20.23507514044254,20.385846701755703,20.020822046742627,20.27475357055664,34745911,0.0,0.0
2013-03-20 00:00:00-04:00,20.500910061362877,20.873869684034236,20.254913503761543,20.798484802246094,34767295,0.0,0.0
2013-03-21 00:00:00-04:00,20.711196631819163,21.04844620771814,20.608036668775465,20.99686622619629,33398244,0.0,0.0
2013-03-22 00:00:00-04:00,21.03257460325668,21.211119434125752,21.012736288715672,21.13573455810547,20198851,0.0,0.0
2013-03-25 00:00:00-04:00,21.187313124615837,21.187313124615837,20.286653987613295,20.35807228088379,43189740,0.0,0.0
2013-03-26 00:00:00-04:00,20.50090576559348,20.6873855378541,20.274749369528955,20.66754722595215,25564097,0.0,0.0
2013-03-27 00:00:00-04:00,20.496941560359414,20.86196621411369,20.215238552806102,20.659616470336914,29501604,0.0,0.0
2013-03-28 00:00:00-04:00,20.64771006423944,21.62772236717013,20.41361689190297,21.512659072875977,57564540,0.0,0.0
2013-04-01 00:00:00-04:00,22.07607051496197,22.516481857013446,21.99671724958974,22.103845596313477,48992882,0.0,0.0
2013-04-02 00:00:00-04:00,22.322063405947734,22.532348086138413,22.19906514560824,22.282386779785156,36184342,0.0,0.0
2013-04-03 00:00:00-04:00,22.143521346952216,22.218906226817396,21.94910477568107,22.020523071289062,27315446,0.0,0.0
2013-04-04 00:00:00-04:00,21.95703905777535,22.167325538476895,21.861814075035095,22.135583877563477,14034557,0.0,0.0
2013-04-05 00:00:00-04:00,21.71501298074124,22.05623272134703,21.623756371222115,22.028457641601562,17193449,0.0,0.0
2013-04-08 00:00:00-04:00,21.98878493419079,22.552192780582853,21.937204950079106,22.167329788208008,24205738,0.0,0.0
2013-04-09 00:00:00-04:00,21.996714394841526,22.39744905219928,21.949102801415062,22.246679306030273,14883739,0.0,0.0
2013-04-10 00:00:00-04:00,22.349841966206004,22.845799910439645,22.33000364843666,22.734704971313477,19011089,0.0,0.0
2013-04-11 00:00:00-04:00,22.78231512885252,23.028308076462736,22.698993486848323,22.92514991760254,17323891,0.0,0.0
2013-04-12 00:00:00-04:00,22.972759821643322,22.972759821643322,22.54028530693655,22.73866844177246,15005390,0.0,0.0
2013-04-15 00:00:00-04:00,22.607731142749724,22.80611424186771,22.095903466260697,22.155418395996094,21854210,0.0,0.0
2013-04-16 00:00:00-04:00,22.294290463175514,22.67518500122224,22.218903793477462,22.619638442993164,20503930,0.0,0.0
2013-04-17 00:00:00-04:00,22.413321089871097,22.548220906113468,22.080036335131208,22.258581161499023,34952386,0.0,0.0
2013-04-18 00:00:00-04:00,21.36585739774782,21.520597328785726,20.921479515194456,20.957189559936523,60248470,0.0,0.0
2013-04-19 00:00:00-04:00,20.93735067691107,21.123830467425464,20.592162577557097,20.786579132080078,37065600,0.0,0.0
2013-04-22 00:00:00-04:00,20.687388378395404,20.758806670666452,20.298557052109818,20.485036849975586,32696611,0.0,0.0
2013-04-23 00:00:00-04:00,20.615967423498056,20.937348798165768,20.57232421581106,20.82625389099121,30124354,0.0,0.0
2013-04-24 00:00:00-04:00,21.028598475801537,21.15953166316429,20.885763742568887,21.01669692993164,24300778,0.0,0.0
2013-04-25 00:00:00-04:00,21.151601382813247,21.17143969443952,20.659611973717123,20.774673461914062,27269827,0.0,0.0
2013-04-26 00:00:00-04:00,20.790543871433353,20.973057061839473,20.58819416703212,20.846092224121094,25215062,0.0,0.0
2013-04-29 00:00:00-04:00,20.873863728101316,21.024635246747025,20.71515724491394,20.965120315551758,17039009,0.0,0.0
2013-04-30 00:00:00-04:00,20.89767225113457,21.08415383973777,20.683419180856554,20.786579132080078,21519194,0.0,0.0
2013-05-01 00:00:00-04:00,20.782607529275282,20.977022238759332,20.600094366752334,20.79054069519043,18811267,0.0,0.0
2013-05-02 00:00:00-04:00,20.79848370762025,21.306343133527715,20.643743771651547,21.246829986572266,23486998,0.0,0.0
2013-05-03 00:00:00-04:00,21.42537575458043,21.627725497688367,21.26666922755193,21.508695602416992,17124782,0.0,0.0
2013-05-06 00:00:00-04:00,21.449179110208327,21.75072220908371,21.330149223508393,21.461082458496094,15097104,0.0,0.0
2013-05-07 00:00:00-04:00,21.397602890981222,21.47695616271762,21.06828825174651,21.40157127380371,22999680,0.0,0.0
2013-05-08 00:00:00-04:00,21.429335095681502,21.81419793402227,21.334110132797512,21.806262969970703,16697340,0.0,0.0
2013-05-09 00:00:00-04:00,21.81816732243112,22.214935354999117,21.73881587362386,21.88958740234375,22092286,0.0,0.0
2013-05-10 00:00:00-04:00,21.976874213098554,22.14748224457608,21.905455935828066,22.080032348632812,16929950,0.0,0.0
2013-05-13 00:00:00-04:00,22.135582880352995,22.139549463983002,21.85784650652797,21.95306968688965,17156146,0.0,0.0
2013-05-14 00:00:00-04:00,21.881654732424103,22.38158100062111,21.87768814819048,22.326032638549805,21923590,0.0,0.0
2013-05-15 00:00:00-04:00,22.326027489082097,22.488702357363756,22.24270766232617,22.47679901123047,20357806,0.0,0.0
2013-05-16 00:00:00-04:00,22.53631549995399,22.57599212441228,22.107807596186728,22.139549255371094,20247084,0.0,0.0
2013-05-17 00:00:00-04:00,22.413324025317046,22.659318792023683,22.405387260190167,22.500612258911133,27463234,0.0,0.0
2013-05-20 00:00:00-04:00,22.44109045573165,22.480767076892985,22.123677486440982,22.19906234741211,20812810,0.0,0.0
2013-05-21 00:00:00-04:00,22.2030322118965,22.26254714761402,21.7983310086351,21.802297592163086,30933857,0.0,0.0
2013-05-22 00:00:00-04:00,21.949100503235798,22.147483620148382,21.4769494042193,21.584075927734375,27209002,0.0,0.0
2013-05-23 00:00:00-04:00,21.302377171230823,21.647563502946944,21.155572197364762,21.615821838378906,22498106,0.0,0.0
2013-05-24 00:00:00-04:00,21.34602115624164,21.683270706999078,21.254762751200094,21.679304122924805,17368560,0.0,0.0
2013-05-28 00:00:00-04:00,21.921330007574788,22.31809629173642,21.90546007544386,22.032424926757812,23160298,0.0,0.0
2013-05-29 00:00:00-04:00,21.88165470393842,21.980846280984178,21.63565995248273,21.841978073120117,20656231,0.0,0.0
2013-05-30 00:00:00-04:00,21.82610625348692,22.095907679348862,21.806267939792495,21.861814498901367,20792851,0.0,0.0
2013-05-31 00:00:00-04:00,21.703113251419346,21.786433103381146,21.421408432760725,21.465051651000977,30435847,0.0,0.0
2013-06-03 00:00:00-04:00,21.369823266082758,21.3817266129299,20.79054383501598,21.1912784576416,31191890,0.0,0.0
2013-06-04 00:00:00-04:00,21.322215633752165,21.3261822180449,20.719129397070574,20.865934371948242,25220527,0.0,0.0
2013-06-05 00:00:00-04:00,20.85799660205979,20.901639811948296,20.199363889085152,20.37790870666504,34363850,0.0,0.0
2013-06-06 00:00:00-04:00,20.29458405429425,20.496933720676164,20.16761924043119,20.441387176513672,23399798,0.0,0.0
2013-06-07 00:00:00-04:00,20.612001229460724,20.707226216326266,20.401716537738096,20.413618087768555,27889963,0.0,0.0
2013-06-10 00:00:00-04:00,20.552490604450735,21.183348353129425,20.473137338046417,21.12779998779297,27733147,0.0,0.0
2013-06-11 00:00:00-04:00,20.731031335969195,20.88576945548571,20.580259800131564,20.65167808532715,30397831,0.0,0.0
2013-06-12 00:00:00-04:00,20.766742964856867,20.778646314011365,20.127948473818467,20.13588523864746,24583759,0.0,0.0
2013-06-13 00:00:00-04:00,20.120012273420546,20.481070319797727,20.092238992488966,20.42552375793457,25334100,0.0,0.0
2013-06-14 00:00:00-04:00,20.43345755593425,20.540585896969255,20.262849482914827,20.35013771057129,15665443,0.0,0.0
2013-06-17 00:00:00-04:00,20.59216475765566,20.92544954437052,20.53661819224768,20.659616470336914,18590537,0.0,0.0
2013-06-18 00:00:00-04:00,20.71515861247691,20.973056664682183,20.671513607483647,20.854026794433594,13479523,0.0,0.0
2013-06-19 00:00:00-04:00,20.885773670766433,21.024641887417157,20.699293853738983,20.723098754882812,30040243,0.0,0.0
2013-06-20 00:00:00-04:00,20.5485167695256,20.564386699359893,20.028752293256666,20.131912231445312,24812330,0.0,0.0
2013-06-21 00:00:00-04:00,20.159688665846797,20.330298529691213,19.93750062291658,20.286653518676758,32499878,0.0,0.0
2013-06-24 00:00:00-04:00,20.167626524429714,20.36600788155498,19.874018375859272,20.163658142089844,22381207,0.0,0.0
2013-06-25 00:00:00-04:00,20.369974253749376,20.596130668758292,20.354102524045114,20.489004135131836,20361132,0.0,0.0
2013-06-26 00:00:00-04:00,20.64374325444495,20.67151653515204,20.235073615761287,20.36600685119629,26014586,0.0,0.0
2013-06-27 00:00:00-04:00,20.54058430428826,20.746902407684786,20.508842642668302,20.687387466430664,21476664,0.0,0.0
2013-06-28 00:00:00-04:00,20.46916435254874,20.80641565892871,20.322361202330484,20.52074432373047,36449028,0.0,0.0
2013-07-01 00:00:00-04:00,20.711193366683343,21.143667870617104,20.643741664048346,20.988929748535156,21265675,0.0,0.0
2013-07-02 00:00:00-04:00,21.03653990838411,21.278566231529876,21.00479825014358,21.159536361694336,19465380,0.0,0.0
2013-07-03 00:00:00-04:00,20.9690874487974,21.238888836910533,20.94924913787862,21.096054077148438,9958766,0.0,0.0
2013-07-05 00:00:00-04:00,21.334112605332272,21.381725991336655,21.03257134980657,21.365854263305664,10724314,0.0,0.0
2013-07-08 00:00:00-04:00,21.536468710685178,21.57614534212111,21.175410645382613,21.310312271118164,14408539,0.0,0.0
2013-07-09 00:00:00-04:00,21.47298216641366,21.67136347919259,21.4333037461516,21.61978530883789,16861997,0.0,0.0
2013-07-10 00:00:00-04:00,21.687242173562794,21.909432048344424,21.667403856103334,21.7745304107666,16521991,0.0,0.0
2013-07-11 00:00:00-04:00,21.964975149288158,22.278419796412845,21.957040183175287,22.171293258666992,23027717,0.0,0.0
2013-07-12 00:00:00-04:00,22.13955094610265,22.643443755585988,22.11971263235851,22.631542205810547,20530778,0.0,0.0
2013-07-15 00:00:00-04:00,22.623605915205584,22.65138099349957,22.29032295656616,22.397449493408203,16341890,0.0,0.0
2013-07-16 00:00:00-04:00,22.548221984200236,22.599801962790426,22.322065552938998,22.540287017822266,21428194,0.0,0.0
2013-07-17 00:00:00-04:00,22.556154866142325,22.81405293717176,22.4887049610293,22.766441345214844,36015646,0.0,0.0
2013-07-18 00:00:00-04:00,21.25873303194178,21.36585958093658,21.09209153371775,21.234928131103516,102379226,0.0,0.0
2013-07-19 00:00:00-04:00,21.32618207469006,21.39363378619189,20.679454424690817,20.70722770690918,45678125,0.0,0.0
2013-07-22 00:00:00-04:00,20.798480133552207,20.818316647069317,20.588193670913864,20.75483512878418,37008338,0.0,0.0
2013-07-23 00:00:00-04:00,20.7826122547285,20.814352117959462,20.44139254219661,20.489004135131836,26183282,0.0,0.0
2013-07-24 00:00:00-04:00,20.477101656516027,20.778644754719277,20.47313507248819,20.67151641845703,36824674,0.0,0.0
2013-07-25 00:00:00-04:00,20.631841360863532,20.723096167655534,20.366006512278283,20.433456420898438,24117588,0.0,0.0
2013-07-26 00:00:00-04:00,20.4017150667638,20.79451293975782,20.203331939375158,20.73103141784668,30194208,0.0,0.0
2013-07-29 00:00:00-04:00,20.671515541065,20.842125397330946,20.433455778300083,20.489004135131836,17808120,0.0,0.0
2013-07-30 00:00:00-04:00,20.62390518188477,20.675485159853853,20.47313542825206,20.623905181884766,18566064,0.0,0.0
2013-07-31 00:00:00-04:00,20.703257222136365,20.703257222136365,20.393780968717753,20.50884246826172,18370994,0.0,0.0
2013-08-01 00:00:00-04:00,20.68738716929161,20.802448668161396,20.5485189750266,20.794513702392578,19255104,0.0,0.0
2013-08-02 00:00:00-04:00,20.810383981605774,20.929412056019725,20.68341734579874,20.846092224121094,20216671,0.0,0.0
2013-08-05 00:00:00-04:00,20.881800135375023,21.0087667691679,20.76277026476067,20.913541793823242,12784306,0.0,0.0
2013-08-06 00:00:00-04:00,20.913543289383142,21.34205121385581,20.80641675778716,21.30634117126465,24570216,0.0,0.0
2013-08-07 00:00:00-04:00,21.199213252860368,21.377758059869887,21.020668445850845,21.03257179260254,16768145,0.0,0.0
2013-08-08 00:00:00-04:00,21.238892717137176,21.318245975309697,20.965124695677535,21.254762649536133,13387810,0.0,0.0
2013-08-09 00:00:00-04:00,21.24285798981466,21.338081166447648,21.016701596744856,21.159536361694336,15162444,0.0,0.0
2013-08-12 00:00:00-04:00,20.929411565784388,21.211116310010894,20.838156770807466,21.139698028564453,11195712,0.0,0.0
2013-08-13 00:00:00-04:00,21.322214668965188,21.615821009257463,21.230958061115782,21.472986221313477,22433479,0.0,0.0
2013-08-14 00:00:00-04:00,21.48091811567504,21.631689646461716,21.421403179687292,21.516626358032227,16079342,0.0,0.0
2013-08-15 00:00:00-04:00,21.18334490505096,21.211118184153914,20.504873868495256,21.10002326965332,36268927,0.0,0.0
2013-08-16 00:00:00-04:00,21.064317939465102,21.278571034292458,20.905611410529577,20.99686622619629,17894369,0.0,0.0
2013-08-19 00:00:00-04:00,20.92544954437052,21.13970263733157,20.647713121152634,20.659616470336914,15785194,0.0,0.0
2013-08-20 00:00:00-04:00,20.750868812466784,20.88180023227928,20.540582347121173,20.627870559692383,22281178,0.0,0.0
2013-08-21 00:00:00-04:00,20.52471543503232,20.580261997176144,20.15968900463956,20.21920394897461,30527798,0.0,0.0
2013-08-22 00:00:00-04:00,20.314428578641973,20.481070060208214,20.239041904967312,20.266815185546875,17767728,0.0,0.0
2013-08-23 00:00:00-04:00,20.322363356272486,20.51280973453072,20.290621693866502,20.492971420288086,16693776,0.0,0.0
2013-08-26 00:00:00-04:00,20.500905309638185,20.683416696223773,20.318392124964003,20.615966796875,19153649,0.0,0.0
2013-08-27 00:00:00-04:00,20.330298741291326,20.429490314548513,20.00495074062552,20.08033561706543,24572117,0.0,0.0
2013-08-28 00:00:00-04:00,20.13588158466559,20.239039729743862,20.004948363904067,20.008914947509766,19331136,0.0,0.0
2013-08-29 00:00:00-04:00,19.92559613902056,20.42552235377697,19.917661173312585,20.23110580444336,16891459,0.0,0.0
2013-08-30 00:00:00-04:00,20.270782026040184,20.27475040785926,19.687535985870756,19.834339141845703,26425159,0.0,0.0
2013-09-03 00:00:00-04:00,20.068430935420487,20.27078063443872,19.870046021771696,19.96527099609375,19335413,0.0,0.0
2013-09-04 00:00:00-04:00,20.135883487488364,20.492971344445422,20.000981872284385,20.413618087768555,22574376,0.0,0.0
2013-09-05 00:00:00-04:00,20.42552342186797,20.72309633905471,20.350136748478175,20.612001419067383,16044415,0.0,0.0
2013-09-06 00:00:00-04:00,20.84212505829791,21.123829825556157,20.742933492092714,20.96115493774414,28683547,0.0,0.0
2013-09-09 00:00:00-04:00,20.941313841065643,21.14366532846397,20.67151245723071,20.897668838500977,21359290,0.0,0.0
2013-09-10 00:00:00-04:00,21.04844232510919,21.24285886604642,21.012734081921067,21.223020553588867,20783110,0.0,0.0
2013-09-11 00:00:00-04:00,21.028609131062336,21.61185529966009,21.028609131062336,21.536470413208008,23764039,0.0,0.0
2013-09-12 00:00:00-04:00,21.607882867622507,21.667397803375557,21.226986559567514,21.437273025512695,18857599,0.0,0.0
2013-09-13 00:00:00-04:00,21.500759281914714,21.51266083222129,21.187312831915797,21.353954315185547,12399631,0.0,0.0
2013-09-16 00:00:00-04:00,21.615821133216865,21.683271044417957,21.203184901560487,21.2865047454834,16575689,0.0,0.0
2013-09-17 00:00:00-04:00,21.409499999870214,21.84990945076161,21.3698233755689,21.67533302307129,24579958,0.0,0.0
2013-09-18 00:00:00-04:00,21.54836820576208,21.722944633621218,21.33014677189383,21.695171356201172,24516518,0.0,0.0
2013-09-19 00:00:00-04:00,21.81420276085558,21.861814353788407,21.47695143028894,21.603918075561523,14995649,0.0,0.0
2013-09-20 00:00:00-04:00,21.66342940882221,21.921327463598125,21.639622715299748,21.802297592163086,27261036,0.0,0.0
2013-09-23 00:00:00-04:00,21.82610693104846,21.941168434812536,21.536467182500626,21.72691535949707,17202715,0.0,0.0
2013-09-24 00:00:00-04:00,21.82213570401136,22.008617272687562,21.679300938451956,21.88958740234375,15806815,0.0,0.0
2013-09-25 00:00:00-04:00,21.830077038885303,21.893558570843304,21.43330892322506,21.508695602416992,17829979,0.0,0.0
2013-09-26 00:00:00-04:00,21.675330935201366,22.575989860467768,21.61184762319881,22.47283172607422,33035666,0.0,0.0
2013-09-27 00:00:00-04:00,22.25858336255466,22.337936626565035,22.087975283403555,22.13161849975586,17177292,0.0,0.0
2013-09-30 00:00:00-04:00,21.929264584213087,22.246677579879407,21.822136259704774,22.139549255371094,19176934,0.0,0.0
2013-10-01 00:00:00-04:00,22.080035884767767,22.318095648402515,22.056230987257564,22.207000732421875,13784839,0.0,0.0
2013-10-02 00:00:00-04:00,22.04829299140013,22.10780792898347,21.865781594997788,22.072099685668945,15023210,0.0,0.0
2013-10-03 00:00:00-04:00,22.020521749119105,22.127648287054452,21.619788877866306,21.78643035888672,15913973,0.0,0.0
2013-10-04 00:00:00-04:00,21.845943262060658,22.139549567962,21.75072008125176,22.052261352539062,13944982,0.0,0.0
2013-10-07 00:00:00-04:00,21.782466376876506,21.99275109575873,21.631694810099592,21.651533126831055,12643171,0.0,0.0
2013-10-08 00:00:00-04:00,21.63168445418899,21.663424307292992,20.88179536188678,21.01669692993164,21949963,0.0,0.0
2013-10-09 00:00:00-04:00,21.080186551768826,21.119863181515683,20.671516905758388,20.762773513793945,21611858,0.0,0.0
2013-10-10 00:00:00-04:00,20.98099656910314,21.24683144704551,20.86196667083248,21.19525146484375,21029263,0.0,0.0
2013-10-11 00:00:00-04:00,21.246828003358022,21.73881745056611,21.223021308326867,21.572175979614258,20819462,0.0,0.0
2013-10-14 00:00:00-04:00,21.469016189740717,21.734849228461837,21.36982462319636,21.73088264465332,14330844,0.0,0.0
2013-10-15 00:00:00-04:00,21.659461996569032,21.74278182453243,21.353950566437543,21.41346549987793,21176338,0.0,0.0
2013-10-16 00:00:00-04:00,21.59995279342497,21.59995279342497,21.09209153371775,21.234928131103516,45905746,0.0,0.0
2013-10-17 00:00:00-04:00,19.969238710702715,20.580259820092344,19.92956208534321,20.38584327697754,81677851,0.0,0.0
2013-10-18 00:00:00-04:00,20.465194683831946,20.901637523464075,20.02081687946058,20.711191177368164,72750269,0.0,0.0
2013-10-21 00:00:00-04:00,20.80244503802296,20.865928349272867,20.47313053041839,20.608030319213867,33863702,0.0,0.0
2013-10-22 00:00:00-04:00,20.754838363207085,20.774676677904395,20.461230226833543,20.564390182495117,26493350,0.0,0.0
2013-10-23 00:00:00-04:00,20.532644775612514,20.742931232679933,20.46122649610622,20.52471160888672,19861222,0.0,0.0
2013-10-24 00:00:00-04:00,20.659614263910676,20.83419070633887,20.57232604269658,20.766740798950195,23040547,0.0,0.0
2013-10-25 00:00:00-04:00,20.86593209284295,20.996863523892628,20.254910956226396,20.489004135131836,37631326,0.0,0.0
2013-10-28 00:00:00-04:00,20.55248608737832,20.742932446420696,20.41758448528653,20.619935989379883,20295554,0.0,0.0
2013-10-29 00:00:00-04:00,20.74690099381141,21.175407103167927,20.663579362498375,21.16350555419922,29108138,0.0,0.0
2013-10-30 00:00:00-04:00,21.23095631707392,21.23095631707392,20.838158434883677,20.921478271484375,20671438,0.0,0.0
2013-10-31 00:00:00-04:00,20.92147675891314,21.00083000598938,20.73103040440107,20.913541793823242,21496860,0.0,0.0
2013-11-01 00:00:00-04:00,21.004796519304637,21.024634829309175,20.572322080441083,20.608030319213867,29335759,0.0,0.0
2013-11-04 00:00:00-05:00,20.627868770597235,20.74293025017678,20.35806739306866,20.381874084472656,20972477,0.0,0.0
2013-11-05 00:00:00-05:00,20.342201859221536,20.3699751398011,20.044627142821508,20.266815185546875,26945503,0.0,0.0
2013-11-06 00:00:00-05:00,20.461227051956165,21.353951074815168,20.282684045472973,21.139698028564453,59701277,0.0,0.0
2013-11-07 00:00:00-05:00,21.226989101674874,21.365857301729278,20.75483794072544,20.85799789428711,22994928,0.0,0.0
2013-11-08 00:00:00-05:00,20.96512108335094,21.096054296393355,20.818316142555425,21.028602600097656,23288602,0.0,0.0
2013-11-11 00:00:00-05:00,20.881802886429178,21.060347715872936,20.8302247075054,20.957189559936523,16391786,0.0,0.0
2013-11-12 00:00:00-05:00,20.651678689654943,21.107958096110075,20.61596864696782,20.96115493774414,25500658,0.0,0.0
2013-11-13 00:00:00-05:00,20.869900308010536,21.044478559870758,20.81832032909527,21.040510177612305,18187092,0.0,0.0
2013-11-14 00:00:00-05:00,21.068283287688345,21.219053029992153,20.901640017834644,20.980993270874023,24993382,0.0,0.0
2013-11-15 00:00:00-05:00,21.036541108151965,21.076215935604623,20.758804729362353,20.869897842407227,25152574,0.0,0.0
2013-11-18 00:00:00-05:00,20.762769589064504,20.90560614838876,20.52471165367169,20.663578033447266,30303266,0.0,0.0
2013-11-19 00:00:00-05:00,20.802448151769614,20.830223228404158,20.608033403860183,20.68341827392578,24385601,0.0,0.0
2013-11-20 00:00:00-05:00,20.822288560784052,20.830225325243568,19.78276121592342,19.9930477142334,81408413,0.0,0.0
2013-11-21 00:00:00-05:00,20.143816865087608,20.155718414179564,19.810533932561494,19.921627044677734,41840410,0.0,0.0
2013-11-22 00:00:00-05:00,19.945429575249612,20.044621117566763,19.90972133925077,19.969234466552734,32588503,0.0,0.0
2013-11-25 00:00:00-05:00,20.12397847288224,20.131913438275056,19.231254409194868,19.45741081237793,82930716,0.0,0.0
2013-11-26 00:00:00-05:00,19.544698614236435,19.548666995893203,19.068580921768312,19.346317291259766,55663740,0.0,0.0
2013-11-27 00:00:00-05:00,19.55660710252944,19.782763560382474,19.501060533263477,19.560575485229492,30033115,0.0,0.0
2013-11-29 00:00:00-05:00,19.74704965399189,20.135880921781563,19.723242960786735,20.04462432861328,22896562,0.0,0.0
2013-12-02 00:00:00-05:00,20.71515931561695,21.06034559143688,20.326328033322305,20.37394142150879,58951886,0.0,0.0
2013-12-03 00:00:00-05:00,20.572328997155186,20.723098765409883,20.342204164113554,20.60407066345215,34375730,0.0,0.0
2013-12-04 00:00:00-05:00,20.350135724115557,20.44932729088109,20.04065767618933,20.270782470703125,36743652,0.0,0.0
2013-12-05 00:00:00-05:00,20.266815708928476,20.492972139615116,20.167625932322466,20.397748947143555,23590354,0.0,0.0
2013-12-06 00:00:00-05:00,20.520747436074455,20.79451546589286,20.512810671543775,20.63580894470215,22392374,0.0,0.0
2013-12-09 00:00:00-05:00,20.631840731709786,20.73103229962313,20.457262493329022,20.50884246826172,18799387,0.0,0.0
2013-12-10 00:00:00-05:00,20.48503626321086,20.75087111005468,20.48106967925262,20.600099563598633,22690087,0.0,0.0
2013-12-11 00:00:00-05:00,20.580257185877716,20.65961042643974,20.35806739306866,20.381874084472656,19546164,0.0,0.0
2013-12-12 00:00:00-05:00,20.330294118489647,20.615965424895236,20.31045580834914,20.381874084472656,19308564,0.0,0.0
2013-12-13 00:00:00-05:00,20.49296766981512,20.699287538650463,20.401712879470853,20.453292846679688,17398260,0.0,0.0
2013-12-16 00:00:00-05:00,20.72706219089909,21.14763332496062,20.635805596403646,21.072248458862305,31045529,0.0,0.0
2013-12-17 00:00:00-05:00,20.683414671726865,21.12382586228304,20.631836505448316,20.86195945739746,36125179,0.0,0.0
2013-12-18 00:00:00-05:00,20.96512343830956,21.10002324987678,20.457262256846267,21.080184936523438,31386960,0.0,0.0
2013-12-19 00:00:00-05:00,21.07622005433876,21.199218336788935,20.80245200383877,21.187314987182617,24282482,0.0,0.0
2013-12-20 00:00:00-05:00,21.195252527779548,21.742788648812127,21.17541241231709,21.655500411987305,40938005,0.0,0.0
2013-12-23 00:00:00-05:00,21.703109864333104,21.949102797309024,21.66343143871487,21.9411678314209,32086217,0.0,0.0
2013-12-24 00:00:00-05:00,21.71897756189989,21.91339229755934,21.71897756189989,21.88958740234375,13115520,0.0,0.0
2013-12-26 00:00:00-05:00,21.742786958086036,21.74675534048777,21.310312392212474,21.449180603027344,24449278,0.0,0.0
2013-12-27 00:00:00-05:00,21.42934002516427,21.615819814670623,21.322213490604344,21.496789932250977,15736486,0.0,0.0
2013-12-30 00:00:00-05:00,21.603914759258394,21.61978468843697,21.353949889032073,21.429336547851562,14539219,0.0,0.0
2013-12-31 00:00:00-05:00,21.44520942595712,21.810235828144076,21.421404528915854,21.770557403564453,15124190,0.0,0.0
2014-01-02 00:00:00-05:00,21.810240982864006,21.82214253515312,21.385699540602925,21.40157127380371,23698699,0.0,0.0
2014-01-03 00:00:00-05:00,21.461087545188438,21.500764183492546,21.103997800451467,21.131771087646484,22783939,0.0,0.0
2014-01-06 00:00:00-05:00,20.79054273140002,20.81434942383058,20.31839164893186,20.54454803466797,42542280,0.0,0.0
2014-01-07 00:00:00-05:00,20.786577825173065,21.040507507173544,20.623902942645802,20.977025985717773,33442200,0.0,0.0
2014-01-08 00:00:00-05:00,21.012735950346336,21.274602417306337,20.699291304881378,20.778644561767578,30967596,0.0,0.0
2014-01-09 00:00:00-05:00,20.929416128705945,20.953222827074505,20.56439147495167,20.659616470336914,25015003,0.0,0.0
2014-01-10 00:00:00-05:00,20.592162087972298,20.71119376629417,20.278717455927293,20.695322036743164,47645453,0.0,0.0
2014-01-13 00:00:00-05:00,20.67945076223518,20.99289537392324,20.548517542864587,20.846092224121094,45269690,0.0,0.0
2014-01-14 00:00:00-05:00,20.889742693284823,21.064319166043916,20.766744406961976,21.012739181518555,30514968,0.0,0.0
2014-01-15 00:00:00-05:00,21.11589603579237,21.488855626257994,21.072251024996053,21.342052459716797,32937775,0.0,0.0
2014-01-16 00:00:00-05:00,21.338085967582295,21.48885752958243,21.266669468082927,21.322216033935547,26769679,0.0,0.0
2014-01-17 00:00:00-05:00,21.191275644047163,21.39759370234609,21.02066582345998,21.107954025268555,53988422,0.0,0.0
2014-01-21 00:00:00-05:00,21.42537492952728,21.504726391896853,21.23095836255061,21.484888076782227,37900051,0.0,0.0
2014-01-22 00:00:00-05:00,21.361890605448565,21.627723655966328,21.338083909185965,21.58804702758789,84250346,0.0,0.0
2014-01-23 00:00:00-05:00,22.10781232758902,22.179230626516258,21.42537639856134,21.798336029052734,147062045,0.0,0.0
2014-01-24 00:00:00-05:00,21.643592468530233,21.802298973834613,21.36982446611567,21.572175979614258,58213663,0.0,0.0
2014-01-27 00:00:00-05:00,21.346019673326165,21.54836938972332,20.93735006055562,20.980993270874023,53315302,0.0,0.0
2014-01-28 00:00:00-05:00,21.064315419717193,21.274601905019754,20.973058816877725,21.09208869934082,30691980,0.0,0.0
2014-01-29 00:00:00-05:00,20.953222460697308,21.008770823222996,20.65168114247246,20.70722770690918,39362954,0.0,0.0
2014-01-30 00:00:00-05:00,20.87386685683101,21.167474973588916,20.806416950984183,21.10002326965332,39527611,0.0,0.0
2014-01-31 00:00:00-05:00,20.865927729257887,21.274597262825772,20.75086625388591,21.107954025268555,29364509,0.0,0.0
2014-02-03 00:00:00-05:00,21.08415383973777,21.163507095113154,20.675484214936777,20.786579132080078,40047480,0.0,0.0
2014-02-04 00:00:00-05:00,20.85402694339415,21.084151720469592,20.822285284816736,20.992895126342773,26067334,0.0,0.0
2014-02-05 00:00:00-05:00,20.74690518780604,21.44124626214703,20.647713605757325,21.234928131103516,39837917,0.0,0.0
2014-02-06 00:00:00-05:00,21.29047121346348,21.63565750288276,21.234924655842445,21.572175979614258,35941514,0.0,0.0
2014-02-07 00:00:00-05:00,21.603915423177124,21.718976908479043,21.36188730819073,21.659461975097656,23157446,0.0,0.0
2014-02-10 00:00:00-05:00,21.611851275551054,21.615819657505043,21.199215072065346,21.338083267211914,22988513,0.0,0.0
2014-02-11 00:00:00-05:00,21.445210408490002,21.59598195568078,21.20715063863788,21.548370361328125,27745502,0.0,0.0
2014-02-12 00:00:00-05:00,21.532498427278988,21.782463340963623,21.488855215405955,21.754688262939453,27262462,0.0,0.0
2014-02-13 00:00:00-05:00,21.615817407143055,21.80229717587966,21.469014261460565,21.790393829345703,27998309,0.0,0.0
2014-02-14 00:00:00-05:00,21.492822884946865,21.794364168388448,21.449177876431843,21.73088264465332,22983998,0.0,0.0
2014-02-18 00:00:00-05:00,21.762622949758978,22.032424375860558,21.627723135752586,21.88165283203125,23319965,0.0,0.0
2014-02-19 00:00:00-05:00,21.95307218307626,22.020522093342603,21.67533577767106,21.71898078918457,22909630,0.0,0.0
2014-02-20 00:00:00-05:00,21.72294135220826,21.94513113418251,21.71500638815669,21.806262969970703,18963094,0.0,0.0
2014-02-21 00:00:00-05:00,21.885618362329208,22.024486540219105,21.655493593636805,21.659461975097656,24664781,0.0,0.0
2014-02-24 00:00:00-05:00,21.861820555494187,22.50855012071999,21.774532310674164,22.337940216064453,45039456,0.0,0.0
2014-02-25 00:00:00-05:00,22.329997559032517,22.413319190177575,22.060196151326593,22.278417587280273,24228547,0.0,0.0
2014-02-26 00:00:00-05:00,22.310162788408515,22.93308553576565,22.29032447289976,22.750574111938477,43854070,0.0,0.0
2014-02-27 00:00:00-05:00,22.734700746158957,23.516329961390635,22.66328245584429,23.147336959838867,51805591,0.0,0.0
2014-02-28 00:00:00-05:00,23.19494712167014,23.686936523158934,23.151302117531753,23.317943572998047,38877062,0.0,0.0
2014-03-03 00:00:00-05:00,22.964825245895888,23.23859325738353,22.79421538742166,23.135435104370117,24922814,0.0,0.0
2014-03-04 00:00:00-05:00,23.39729994805344,23.51632983189282,23.310011726188996,23.433008193969727,23654506,0.0,0.0
2014-03-05 00:00:00-05:00,23.42110465435134,23.667099367103496,23.32984805820929,23.353652954101562,22712422,0.0,0.0
2014-03-06 00:00:00-05:00,23.40523620913596,23.667102687308297,23.35365623033366,23.528234481811523,28577815,0.0,0.0
2014-03-07 00:00:00-05:00,23.58377973978403,23.627424749760664,23.26240013227101,23.433008193969727,21609007,0.0,0.0
2014-03-10 00:00:00-04:00,23.246534527161355,23.365564433155544,23.02434465006988,23.099729537963867,23187622,0.0,0.0
2014-03-11 00:00:00-04:00,23.19098177146527,23.38539652857315,22.80611884117874,22.829925537109375,24329052,0.0,0.0
2014-03-12 00:00:00-04:00,22.687088328968528,23.03624300377168,22.603768491698,23.004501342773438,21310344,0.0,0.0
2014-03-13 00:00:00-04:00,23.131465253657876,23.24256016361667,22.40141607065213,22.496639251708984,29256638,0.0,0.0
2014-03-14 00:00:00-04:00,22.480772341140575,22.73470205679958,22.381580765009883,22.51251220703125,20240431,0.0,0.0
2014-03-17 00:00:00-04:00,22.97276067861292,22.97276067861292,22.639477718891406,22.78231430053711,20005920,0.0,0.0
2014-03-18 00:00:00-04:00,22.873566853804665,23.036241733645948,22.722795320942517,22.948951721191406,14870434,0.0,0.0
2014-03-19 00:00:00-04:00,22.86563822820899,23.07989134088226,22.60377351250713,22.734704971313477,16741534,0.0,0.0
2014-03-20 00:00:00-04:00,22.69502405647286,22.758507380600218,22.472836018204763,22.66328239440918,17830692,0.0,0.0
2014-03-21 00:00:00-04:00,22.726763037703858,22.913242807958813,22.528379920818026,22.59979820251465,27914436,0.0,0.0
2014-03-24 00:00:00-04:00,22.619636629105305,22.81801794891025,22.290320293784262,22.433155059814453,20950618,0.0,0.0
2014-03-25 00:00:00-04:00,22.556152517865094,22.635505762228224,22.115743090502868,22.349834442138672,19261994,0.0,0.0
2014-03-26 00:00:00-04:00,22.54425232899102,22.552189093009755,22.008619652611312,22.060197830200195,17995111,0.0,0.0
2014-03-27 00:00:00-04:00,22.00464959633242,22.123679470491012,21.51662675266446,21.8935546875,22394513,0.0,0.0
2014-03-28 00:00:00-04:00,22.000685752135894,22.076070635415217,21.71898273738086,21.897525787353516,21085574,0.0,0.0
2014-03-31 00:00:00-04:00,22.09194249437098,22.282390693015596,21.905462678275043,21.91736602783203,16863660,0.0,0.0
2014-04-01 00:00:00-04:00,22.056230722628992,22.2982570672339,21.976877469036147,22.23477554321289,18877558,0.0,0.0
2014-04-02 00:00:00-04:00,22.27841922424997,22.318095851884173,21.937201305449104,22.000682830810547,22478861,0.0,0.0
2014-04-03 00:00:00-04:00,21.834045268347268,21.913398537840582,21.540438890457647,21.655500411987305,26900597,0.0,0.0
2014-04-04 00:00:00-04:00,21.889589251327433,22.020520681294332,21.373793102935643,21.425373077392578,37918584,0.0,0.0
2014-04-07 00:00:00-04:00,21.441246479237844,21.476954729901305,20.97306184760978,21.008771896362305,39933907,0.0,0.0
2014-04-08 00:00:00-04:00,21.338081390697173,21.826104221769416,21.18334327752022,21.742782592773438,44693273,0.0,0.0
2014-04-09 00:00:00-04:00,21.790395719090693,22.20303371349213,21.766590822046936,22.17525863647461,25880580,0.0,0.0
2014-04-10 00:00:00-04:00,21.830072701916926,21.921327498357577,21.3896614576735,21.457111358642578,69581873,0.0,0.0
2014-04-11 00:00:00-04:00,21.38173047956079,21.611853502473483,21.163509007558847,21.21112060546875,30253608,0.0,0.0
2014-04-14 00:00:00-04:00,21.32617809803412,21.453144732652458,21.147633290951795,21.417434692382812,28534572,0.0,0.0
2014-04-15 00:00:00-04:00,21.369824572410305,21.520596112817163,20.996863204236625,21.38569450378418,25421299,0.0,0.0
2014-04-16 00:00:00-04:00,21.50869238514134,21.77055703671519,21.393630889492204,21.699140548706055,17212457,0.0,0.0
2014-04-17 00:00:00-04:00,21.615819427185922,21.8895892306968,21.611851045274218,21.81023597717285,17853502,0.0,0.0
2014-04-21 00:00:00-04:00,21.8062644604371,21.822134389624953,21.552334804900383,21.794361114501953,14216321,0.0,0.0
2014-04-22 00:00:00-04:00,21.774529903744696,22.06813807416152,21.647565034578356,22.008623123168945,17725198,0.0,0.0
2014-04-23 00:00:00-04:00,22.03639582675083,22.048297378164495,21.67930613020369,21.798336029052734,15708924,0.0,0.0
2014-04-24 00:00:00-04:00,22.012585234830713,22.060196826332437,21.603917426192922,21.758655548095703,18273816,0.0,0.0
2014-04-25 00:00:00-04:00,21.65549361443838,21.73881524048778,21.207147422916897,21.31427574157715,22901551,0.0,0.0
2014-04-28 00:00:00-04:00,21.47298563716039,21.47298563716039,21.008769442315444,21.28253746032715,23105650,0.0,0.0
2014-04-29 00:00:00-04:00,21.389667995671093,21.687242765687678,21.18334984807743,21.639629364013672,33047309,0.0,0.0
2014-04-30 00:00:00-04:00,20.612001778150887,20.790546610426688,20.187462203246202,20.564390182495117,77257778,0.0,0.0
2014-05-01 00:00:00-04:00,20.63977389943631,20.92941363736104,20.50090750244641,20.50884246826172,30397356,0.0,0.0
2014-05-02 00:00:00-04:00,20.524715818339793,20.84212706263229,20.512810671543775,20.63580894470215,29012386,0.0,0.0
2014-05-05 00:00:00-04:00,20.55248840164662,20.77070806278077,20.461229997355808,20.6318416595459,25890322,0.0,0.0
2014-05-06 00:00:00-04:00,20.659612590548246,20.659612590548246,20.191428062571962,20.215234756469727,34788679,0.0,0.0
2014-05-07 00:00:00-04:00,20.163652303278642,20.25094050667897,19.747047797965383,20.06446075439453,47140078,0.0,0.0
2014-05-08 00:00:00-04:00,20.088270329705615,20.318393317687853,19.846242196441775,19.941465377807617,30990643,0.0,0.0
2014-05-09 00:00:00-04:00,20.036692780838727,20.183495952404886,19.96130610489092,20.052562713623047,33712114,0.0,0.0
2014-05-12 00:00:00-04:00,20.203333751003967,20.38584516571405,20.12001211079382,20.36600685119629,30338431,0.0,0.0
2014-05-13 00:00:00-04:00,20.39774480467172,20.54058136246004,20.338229871941348,20.465194702148438,30034066,0.0,0.0
2014-05-14 00:00:00-04:00,20.548519779020776,20.663581282392528,20.469166522050227,20.492971420288086,26478619,0.0,0.0
2014-05-15 00:00:00-04:00,20.3144271837121,20.421553714642286,20.096205740003352,20.37790870666504,29826403,0.0,0.0
2014-05-16 00:00:00-04:00,20.492971532957146,20.82228791081324,20.227138480262052,20.612001419067383,43925350,0.0,0.0
2014-05-19 00:00:00-04:00,20.532648701644376,20.814353492082645,20.489005487776176,20.762773513793945,19408356,0.0,0.0
2014-05-20 00:00:00-04:00,20.707223389212093,20.719124937617657,20.489001963144027,20.615966796875,15055524,0.0,0.0
2014-05-21 00:00:00-04:00,20.17952351535775,20.584224700927734,19.957335510578424,20.584224700927734,41386831,0.0,0.0
2014-05-22 00:00:00-04:00,20.62787297879047,20.655646259035375,20.31045995178847,20.433456420898438,30112949,0.0,0.0
2014-05-23 00:00:00-04:00,20.516777854629307,20.64771108657655,20.43742459867205,20.639774322509766,16926149,0.0,0.0
2014-05-27 00:00:00-04:00,20.75483570895581,20.758804090623325,20.512807581365045,20.54058265686035,24552634,0.0,0.0
2014-05-28 00:00:00-04:00,20.52868221844938,20.54852053342034,19.957339466521233,19.9930477142334,44714182,0.0,0.0
2014-05-29 00:00:00-04:00,20.092237271019325,20.15175220995452,19.822435854895375,19.89385414123535,39823661,0.0,0.0
2014-05-30 00:00:00-04:00,19.97320872135172,20.151753550030392,19.762922230179072,20.127946853637695,36648137,0.0,0.0
2014-06-02 00:00:00-04:00,20.10810351470547,20.211263442510973,19.969235349322588,20.032718658447266,18226058,0.0,0.0
2014-06-03 00:00:00-04:00,20.01685673438115,20.203336557131312,19.94543843257984,20.004953384399414,20477081,0.0,0.0
2014-06-04 00:00:00-04:00,19.993046636602,20.135883215929557,19.806566845544054,20.01685333251953,15731258,0.0,0.0
2014-06-05 00:00:00-04:00,20.100171715719995,20.100171715719995,19.870046931516256,20.068431854248047,28573301,0.0,0.0
2014-06-06 00:00:00-04:00,20.187462939111697,20.187462939111697,19.63992507388949,19.71927833557129,50884891,0.0,0.0
2014-06-09 00:00:00-04:00,19.485187290244163,19.731183844440988,19.243160916528783,19.671667098999023,52664278,0.0,0.0
2014-06-10 00:00:00-04:00,19.302675102165093,19.36615663131645,19.11222691853318,19.14396858215332,85512953,0.0,0.0
2014-06-11 00:00:00-04:00,19.16380373081337,19.401863471497585,19.100320414062132,19.37409019470215,36385351,0.0,0.0
2014-06-12 00:00:00-04:00,19.389962223978163,19.48915379333494,19.2431590609479,19.266963958740234,32305284,0.0,0.0
2014-06-13 00:00:00-04:00,19.354250868005245,19.548667409617043,19.286800965033272,19.45741081237793,21555072,0.0,0.0
2014-06-16 00:00:00-04:00,19.409803819272017,19.508995405398128,19.338385517643395,19.441545486450195,18313733,0.0,0.0
2014-06-17 00:00:00-04:00,19.40186766500422,19.528832527860178,19.354254268105354,19.465349197387695,20513671,0.0,0.0
2014-06-18 00:00:00-04:00,19.516927492814755,19.735148950092135,19.38599425883056,19.703407287597656,21913135,0.0,0.0
2014-06-19 00:00:00-04:00,19.71928032075489,19.75895875367926,19.63992705108442,19.67960548400879,28325959,0.0,0.0
2014-06-20 00:00:00-04:00,19.73514923518205,19.739117617334504,19.421704583982123,19.57644271850586,44126122,0.0,0.0
2014-06-23 00:00:00-04:00,19.628024625056913,19.70340950865127,19.401868176184795,19.596282958984375,22389523,0.0,0.0
2014-06-24 00:00:00-04:00,19.596279736464115,19.635956363007878,19.346318427709395,19.38202667236328,27576806,0.0,0.0
2014-06-25 00:00:00-04:00,19.36219003195793,19.639924643671417,19.31061005337684,19.56850814819336,21245479,0.0,0.0
2014-06-26 00:00:00-04:00,19.639920881126084,19.707372577627076,19.453442913690232,19.628019332885742,19189051,0.0,0.0
2014-06-27 00:00:00-04:00,19.671665382417203,19.909726949144453,19.612150440257597,19.87004852294922,26240782,0.0,0.0
2014-06-30 00:00:00-04:00,19.91369392982038,19.91369392982038,19.75895579635826,19.86211395263672,25195342,0.0,0.0
2014-07-01 00:00:00-04:00,19.913695295745576,20.104143487131438,19.86608369742136,20.036693572998047,20921155,0.0,0.0
2014-07-02 00:00:00-04:00,20.040656362934982,20.155717853607577,20.03668977937755,20.056528091430664,22204433,0.0,0.0
2014-07-03 00:00:00-04:00,20.219202437013674,20.266814029303614,20.08430262584405,20.211267471313477,10958112,0.0,0.0
2014-07-07 00:00:00-04:00,20.207297095291075,20.227135406628232,20.08033226235099,20.131912231445312,17153057,0.0,0.0
2014-07-08 00:00:00-04:00,20.080335160207284,20.1438184848831,19.84227538980625,19.909727096557617,31059072,0.0,0.0
2014-07-09 00:00:00-04:00,19.95733886354636,20.207300186157223,19.84227556133786,20.207300186157227,20019226,0.0,0.0
2014-07-10 00:00:00-04:00,19.925597784834274,20.052562640915216,19.735149601668404,19.973209381103516,19784952,0.0,0.0
2014-07-11 00:00:00-04:00,20.23507327902219,20.56438965415453,20.23507327902219,20.433456420898438,33009530,0.0,0.0
2014-07-14 00:00:00-04:00,20.334259796876896,20.3580664872216,20.1041368479573,20.298551559448242,22340340,0.0,0.0
2014-07-15 00:00:00-04:00,20.413619479188608,20.429491210459123,20.048594833212213,20.163658142089844,22408294,0.0,0.0
2014-07-16 00:00:00-04:00,20.246978230163506,20.306491374064137,20.036691742183006,20.116044998168945,32719183,0.0,0.0
2014-07-17 00:00:00-04:00,20.2747539504344,20.568360313685652,20.167627401577267,20.246980667114258,51575119,0.0,0.0
2014-07-18 00:00:00-04:00,20.20730049838646,20.489005286051196,20.068434093728566,20.42552375793457,30766111,0.0,0.0
2014-07-21 00:00:00-04:00,20.342201689245286,20.576293078288398,20.250945084027364,20.51280975341797,23575860,0.0,0.0
2014-07-22 00:00:00-04:00,20.580259800131564,20.746901266862125,20.516776480382443,20.65167808532715,24766236,0.0,0.0
2014-07-23 00:00:00-04:00,20.63183882446267,20.91751015402734,20.580258854298123,20.89370346069336,32981256,0.0,0.0
2014-07-24 00:00:00-04:00,20.83815863149144,21.22698813547412,20.83815863149144,21.119861602783203,38628058,0.0,0.0
2014-07-25 00:00:00-04:00,20.94131809754518,21.068284749689848,20.84609490652556,20.929414749145508,26731901,0.0,0.0
2014-07-28 00:00:00-04:00,20.99289663831021,21.064314925730976,20.723095218103303,21.000831604003906,22340815,0.0,0.0
2014-07-29 00:00:00-04:00,21.06828001423603,21.17937311275923,20.929410044905076,21.111923217773438,28548353,0.0,0.0
2014-07-30 00:00:00-04:00,21.139699916173697,21.258729796516665,20.933381816530307,21.119861602783203,21626114,0.0,0.0
2014-07-31 00:00:00-04:00,21.004799946109927,21.05241153827067,20.89370503234236,20.96115493774414,27357739,0.0,0.0
2014-08-01 00:00:00-04:00,20.941316504602106,20.992896478351234,20.687386815806207,20.842124938964844,30517819,0.0,0.0
2014-08-04 00:00:00-04:00,20.794517722852113,21.080189132383317,20.727067803643084,21.05241584777832,28510337,0.0,0.0
2014-08-05 00:00:00-04:00,21.032579491886214,21.155575991775372,20.957194598344124,21.131771087646484,26129110,0.0,0.0
2014-08-06 00:00:00-04:00,21.012737449103344,21.30237721701463,20.949254119830826,21.21112060546875,24258485,0.0,0.0
2014-08-07 00:00:00-04:00,21.298408869716802,21.524567106816882,21.195250707090338,21.250797271728516,23877850,0.0,0.0
2014-08-08 00:00:00-04:00,21.25873093187066,21.49282412123385,21.088122866071842,21.461082458496094,24536477,0.0,0.0
2014-08-11 00:00:00-04:00,21.516631968349305,21.599953619693164,21.31824879666308,21.377763748168945,18840254,0.0,0.0
2014-08-12 00:00:00-04:00,21.373797018754356,21.39760192034193,21.100027164829037,21.19921875,18340344,0.0,0.0
2014-08-13 00:00:00-04:00,20.933382506331863,21.088122434730007,20.830224352155263,21.00480079650879,29403475,0.0,0.0
2014-08-14 00:00:00-04:00,20.98099329072529,21.092088204703284,20.953220011752983,21.000831604003906,23595818,0.0,0.0
2014-08-15 00:00:00-04:00,21.17937519057687,21.17937519057687,20.8619621965969,20.88576889038086,32287226,0.0,0.0
2014-08-18 00:00:00-04:00,21.052410146932367,21.096055152413687,20.95321858728267,21.072248458862305,21068942,0.0,0.0
2014-08-19 00:00:00-04:00,21.139699719873263,21.330147886271288,21.084153162131184,21.32617950439453,19277438,0.0,0.0
2014-08-20 00:00:00-04:00,21.23096000304276,21.29444333555041,21.13970338684641,21.187314987182617,17847562,0.0,0.0
2014-08-21 00:00:00-04:00,21.23492474624921,22.635508223052312,21.2269879824792,22.17525863647461,119831422,0.0,0.0
2014-08-22 00:00:00-04:00,22.099876333500397,22.210971260214055,21.90942994266437,22.020523071289062,27889963,0.0,0.0
2014-08-25 00:00:00-04:00,22.064165470852753,22.266516984755146,21.972908870502877,22.01655387878418,15999271,0.0,0.0
2014-08-26 00:00:00-04:00,22.02051956759478,22.417285815521794,21.984811324516816,22.31809425354004,21370932,0.0,0.0
2014-08-27 00:00:00-04:00,22.32999908654609,22.500608944125677,22.131615949381164,22.187164306640625,18002714,0.0,0.0
2014-08-28 00:00:00-04:00,22.163356199866755,22.163356199866755,21.834039853521872,21.992746353149414,22816490,0.0,0.0
2014-08-29 00:00:00-04:00,22.123683031399384,22.123683031399384,21.798335015950713,22.020523071289062,20572596,0.0,0.0
2014-09-02 00:00:00-04:00,22.012590220280142,22.056235237926614,21.6991455236563,21.7745304107666,26560116,0.0,0.0
2014-09-03 00:00:00-04:00,21.877686012607835,21.94513591888487,21.564239580478787,21.643592834472656,19286705,0.0,0.0
2014-09-04 00:00:00-04:00,21.738818992395863,22.000683665867648,21.42140595927452,21.599950790405273,31086396,0.0,0.0
2014-09-05 00:00:00-04:00,21.544401009877976,21.588046018289276,21.147634744643483,21.38569450378418,38499991,0.0,0.0
2014-09-08 00:00:00-04:00,21.338081550068996,21.536464670028142,21.215085094547508,21.516626358032227,21543667,0.0,0.0
2014-09-09 00:00:00-04:00,21.568207641530368,21.822137331297366,20.802448392264452,20.921478271484375,48061015,0.0,0.0
2014-09-10 00:00:00-04:00,20.425525131869804,20.453298414669568,20.052563711980504,20.27475357055664,73656950,0.0,0.0
2014-09-11 00:00:00-04:00,20.147781326841617,20.346166230085483,20.040654809675427,20.108104705810547,40316443,0.0,0.0
2014-09-12 00:00:00-04:00,20.076368192063182,21.056382421038606,19.854180136227342,20.70722770690918,100640232,0.0,0.0
2014-09-15 00:00:00-04:00,20.719128402535702,20.746903481696506,20.13985068986121,20.21920394897461,30329165,0.0,0.0
2014-09-16 00:00:00-04:00,20.223172566777336,20.584228821096485,20.060497664464048,20.477102279663086,32418382,0.0,0.0
2014-09-17 00:00:00-04:00,20.520746611520618,20.68738809245718,20.39378175928747,20.612001419067383,27247968,0.0,0.0
2014-09-18 00:00:00-04:00,20.631840035233893,20.921477965292432,20.540583436216437,20.909576416015625,29439115,0.0,0.0
2014-09-19 00:00:00-04:00,20.977022238759332,21.052407093925382,20.762767422133905,20.79054069519043,48506990,0.0,0.0
2014-09-22 00:00:00-04:00,20.738965962075117,20.83022255843803,20.564387734665914,20.818317413330078,22575326,0.0,0.0
2014-09-23 00:00:00-04:00,20.75087291170868,21.04447926601844,20.699292931062647,20.92544937133789,26688420,0.0,0.0
2014-09-24 00:00:00-04:00,20.949251629861756,21.103991552288203,20.88180172433222,21.000831604003906,20828254,0.0,0.0
2014-09-25 00:00:00-04:00,20.925447940640154,21.000832816214754,20.639774774467462,20.691354751586914,17862530,0.0,0.0
2014-09-26 00:00:00-04:00,20.631840415492686,21.084153239009588,20.61200030412531,21.000831604003906,17984419,0.0,0.0
2014-09-29 00:00:00-04:00,20.834188525447026,21.0325716429348,20.750868694955333,20.89370346069336,16623209,0.0,0.0
2014-09-30 00:00:00-04:00,22.46489987346456,22.734701311310836,22.19906681776896,22.468868255615234,183556692,0.0,0.0
2014-10-01 00:00:00-04:00,21.881653753883434,22.25064676409055,21.81420384403864,22.00465202331543,57718505,0.0,0.0
2014-10-02 00:00:00-04:00,21.91339519228898,22.068135123030043,21.572177264415462,21.766592025756836,29751322,0.0,0.0
2014-10-03 00:00:00-04:00,21.845945531456543,21.89752371086766,21.488855869195028,21.599950790405273,22737132,0.0,0.0
2014-10-06 00:00:00-04:00,21.615821207376207,21.64359448877913,21.219054907080427,21.246829986572266,22155962,0.0,0.0
2014-10-07 00:00:00-04:00,21.11588846610218,21.298399813803048,21.004793585973534,21.01669692993164,22865674,0.0,0.0
2014-10-08 00:00:00-04:00,21.13970080432033,21.69120522051104,21.11589590610488,21.627723693847656,36490846,0.0,0.0
2014-10-09 00:00:00-04:00,21.492825191620764,21.512661708969784,20.949253910149,20.973060607910156,21267576,0.0,0.0
2014-10-10 00:00:00-04:00,20.949253549897342,20.96512528082816,20.564390596636617,20.5762939453125,21689791,0.0,0.0
2014-10-13 00:00:00-04:00,20.457261589871166,20.604066542370575,19.981142084914055,20.02081871032715,22937666,0.0,0.0
2014-10-14 00:00:00-04:00,20.21126733150782,20.4334553600202,19.981142539261377,20.072399139404297,29493763,0.0,0.0
2014-10-15 00:00:00-04:00,19.862114421525682,19.965274378328324,19.409801560659446,19.93353271484375,39921314,0.0,0.0
2014-10-16 00:00:00-04:00,19.239188073576464,19.31854131831591,18.386140692627468,18.997159957885742,90622541,0.0,0.0
2014-10-17 00:00:00-04:00,19.1400020093733,19.274903642989976,19.01303714097867,19.024940490722656,33126905,0.0,0.0
2014-10-20 00:00:00-04:00,19.060647276230434,19.584378441892564,19.009067296698714,19.520896911621094,29693822,0.0,0.0
2014-10-21 00:00:00-04:00,19.699439282833925,20.223170382909476,19.647859309761536,20.17952537536621,33168247,0.0,0.0
2014-10-22 00:00:00-04:00,20.314424431167723,20.4770974974011,19.82640163629059,19.88988494873047,32218560,0.0,0.0
2014-10-23 00:00:00-04:00,20.080334184655428,20.262847385664816,19.981142618473964,20.151752471923828,25652959,0.0,0.0
2014-10-24 00:00:00-04:00,20.151754898127933,20.346171470103958,20.064466668996786,20.28268814086914,15176225,0.0,0.0
2014-10-27 00:00:00-04:00,20.274750892093262,20.429489017313337,20.223170917656983,20.31045913696289,16534584,0.0,0.0
2014-10-28 00:00:00-04:00,20.373943272017776,20.373943272017776,20.235073274645597,20.314428329467773,19258668,0.0,0.0
2014-10-29 00:00:00-04:00,20.15175377364001,20.39774851404248,20.13191545912225,20.36600685119629,17399210,0.0,0.0
2014-10-30 00:00:00-04:00,20.25490794247143,20.631837642187453,20.20332977335111,20.453292846679688,16449523,0.0,0.0
2014-10-31 00:00:00-04:00,20.901643399010556,20.92148171547957,20.623906968444416,20.83022689819336,19716761,0.0,0.0
2014-11-03 00:00:00-05:00,20.758804878259227,21.00876798058053,20.74690153089369,20.909576416015625,16598498,0.0,0.0
2014-11-04 00:00:00-05:00,20.85402977238761,21.159539456701356,20.774676514223575,21.13573455810547,18361490,0.0,0.0
2014-11-05 00:00:00-05:00,21.215085629475663,21.32617874098303,21.15556889389859,21.262697219848633,25570037,0.0,0.0
2014-11-06 00:00:00-05:00,21.27460770477699,21.286509257796787,21.02464452384325,21.131771087646484,14002718,0.0,0.0
2014-11-07 00:00:00-05:00,21.1674782149282,21.31824798117101,21.072253217308006,21.234928131103516,12866278,0.0,0.0
2014-11-10 00:00:00-05:00,21.215085752313318,21.401565531238923,21.13176412011166,21.38172721862793,12553358,0.0,0.0
2014-11-11 00:00:00-05:00,21.492820345290415,21.56820520772092,21.2190505751242,21.500755310058594,16906666,0.0,0.0
2014-11-12 00:00:00-05:00,21.349989023873867,21.56424211560978,21.147637483165177,21.449180603027344,14395946,0.0,0.0
2014-11-13 00:00:00-05:00,21.449177718767864,21.671365747340747,21.397597744926188,21.572175979614258,18563450,0.0,0.0
2014-11-14 00:00:00-05:00,21.532496745904794,21.667398349196517,21.449176912604802,21.568206787109375,11814898,0.0,0.0
2014-11-17 00:00:00-05:00,21.572176853300835,21.861814798740852,21.572176853300835,21.754688262939453,18473400,0.0,0.0
2014-11-18 00:00:00-05:00,21.746755393315286,22.08400676325636,21.703112177235134,21.972911834716797,16551691,0.0,0.0
2014-11-19 00:00:00-05:00,21.95307417832088,21.95307417832088,21.528534565377086,21.798336029052734,15970284,0.0,0.0
2014-11-20 00:00:00-05:00,21.62772781168436,21.71104766843549,21.552342922515834,21.639629364013672,13196779,0.0,0.0
2014-11-21 00:00:00-05:00,21.722943712433175,21.762620335090322,21.516625634233733,21.592010498046875,20053678,0.0,0.0
2014-11-24 00:00:00-05:00,21.69517204492908,21.7031088085199,21.516627229732485,21.580110549926758,14415430,0.0,0.0
2014-11-25 00:00:00-05:00,21.516626027601816,21.69913921439684,21.516626027601816,21.584075927734375,15779966,0.0,0.0
2014-11-26 00:00:00-05:00,21.64756474424913,21.695176344786823,21.54440477800991,21.651533126831055,9479052,0.0,0.0
2014-11-28 00:00:00-05:00,21.782467176221694,21.90149528288933,21.65550050600983,21.7745304107666,7055770,0.0,0.0
2014-12-01 00:00:00-05:00,21.726914193277757,21.869748969791615,21.592012584355565,21.770557403564453,16256592,0.0,0.0
2014-12-02 00:00:00-05:00,21.766590988190636,21.980844053663613,21.64359272588174,21.830074310302734,14228201,0.0,0.0
2014-12-03 00:00:00-05:00,21.83403617103661,21.83403617103661,21.623749734878878,21.746747970581055,12798324,0.0,0.0
2014-12-04 00:00:00-05:00,21.67533604569543,21.72294764187871,21.603919550464965,21.691205978393555,13416322,0.0,0.0
2014-12-05 00:00:00-05:00,21.778489624770817,21.778489624770817,21.62771811593574,21.746747970581055,13280890,0.0,0.0
2014-12-08 00:00:00-05:00,21.961007884968232,22.07606758717378,21.726914704312815,21.88165283203125,31430916,0.0,0.0
2014-12-09 00:00:00-05:00,21.65946301351778,22.02448759613961,21.64755966665311,21.98084259033203,26249810,0.0,0.0
2014-12-10 00:00:00-05:00,21.830078205953676,22.056234659442147,21.782466604917538,21.929269790649414,39024850,0.0,0.0
2014-12-11 00:00:00-05:00,21.98481261695572,22.865633379517483,21.945135989830515,22.5323486328125,56376302,0.0,0.0
2014-12-12 00:00:00-05:00,22.28635390843292,22.528382053177555,22.12368081604235,22.127647399902344,22610016,0.0,0.0
2014-12-15 00:00:00-05:00,22.16335306310337,22.49663594591644,21.921324966189957,21.9967098236084,17738028,0.0,0.0
2014-12-16 00:00:00-05:00,21.972910936307336,22.524417174044274,21.88165432737788,22.195100784301758,36090727,0.0,0.0
2014-12-17 00:00:00-05:00,22.20303362690329,22.40538334238549,22.087972129751968,22.38157844543457,25013815,0.0,0.0
2014-12-18 00:00:00-05:00,22.619636356748494,22.825954437255856,22.568056387099503,22.82595443725586,21470962,0.0,0.0
2014-12-19 00:00:00-05:00,22.814053652419098,22.88943852554022,22.599800582851522,22.671218872070312,37502784,0.0,0.0
2014-12-22 00:00:00-05:00,22.802153393650446,22.988635006898846,22.6394802774855,22.746606826782227,31965041,0.0,0.0
2014-12-23 00:00:00-05:00,22.905313324887835,22.90928170741076,22.698995193565654,22.70693016052246,13514926,0.0,0.0
2014-12-24 00:00:00-05:00,22.786279140218745,22.798182487459485,22.651379333060273,22.655345916748047,4185086,0.0,0.0
2014-12-26 00:00:00-05:00,22.750572088275373,22.750572088275373,22.59186378023347,22.631542205810547,6807002,0.0,0.0
2014-12-29 00:00:00-05:00,22.671216110187316,22.790244180266505,22.544249479004158,22.62757110595703,8495150,0.0,0.0
2014-12-30 00:00:00-05:00,22.5601224914992,22.810085588501913,22.552187526120587,22.702959060668945,10450836,0.0,0.0
2014-12-31 00:00:00-05:00,22.63947721909537,22.714862092245422,22.250645909278333,22.266517639160156,14060455,0.0,0.0
2015-01-02 00:00:00-05:00,22.369673104717172,22.552186288855566,22.11177505648473,22.302223205566406,14021251,0.0,0.0
2015-01-05 00:00:00-05:00,22.159388754822764,22.314128677353718,21.94116730861063,22.115745544433594,17694072,0.0,0.0
2015-01-06 00:00:00-05:00,22.139550560855085,22.139550560855085,21.699141082252016,21.830074310302734,22926737,0.0,0.0
2015-01-07 00:00:00-05:00,21.89355266714731,22.012582530321744,21.599946390552454,21.794361114501953,21981564,0.0,0.0
2015-01-08 00:00:00-05:00,21.945135555691447,22.385545029215347,21.94116717382192,22.38157844543457,24326438,0.0,0.0
2015-01-09 00:00:00-05:00,22.345869477405497,22.389512686113395,22.020519713478983,22.072099685668945,16652909,0.0,0.0
2015-01-12 00:00:00-05:00,22.084004370709287,22.159389243646377,21.81023636047585,21.901491165161133,10791792,0.0,0.0
2015-01-13 00:00:00-05:00,22.14748434543945,22.377609128211947,21.79039472330275,21.873716354370117,15368918,0.0,0.0
2015-01-14 00:00:00-05:00,21.572174625406127,21.715009392360272,21.234923322805496,21.437273025512695,23952218,0.0,0.0
2015-01-15 00:00:00-05:00,21.492824124883278,21.548370686117135,21.008769611839124,21.036542892456055,27809654,0.0,0.0
2015-01-16 00:00:00-05:00,21.000834169125067,21.40553544982279,20.93338425535694,21.29047393798828,23340874,0.0,0.0
2015-01-20 00:00:00-05:00,21.38569482098066,21.453146525541985,20.996863515665886,21.29840660095215,19813226,0.0,0.0
2015-01-21 00:00:00-05:00,21.19128376669941,21.417440221099515,21.088125597053462,21.179380416870117,37994141,0.0,0.0
2015-01-22 00:00:00-05:00,21.893555088214857,22.706925909852252,21.81816842101475,22.67518424987793,71026481,0.0,0.0
2015-01-23 00:00:00-05:00,22.61170349509893,22.72676680079804,22.34587223216196,22.520448684692383,31813927,0.0,0.0
2015-01-26 00:00:00-05:00,22.365708493450192,22.58789833784873,22.15145541342145,22.242712020874023,24451416,0.0,0.0
2015-01-27 00:00:00-05:00,22.02845510456004,22.12368008538676,21.691203785070616,21.699140548706055,22637102,0.0,0.0
2015-01-28 00:00:00-05:00,21.841980822012633,21.9332374439975,21.34205628963807,21.361894607543945,20416730,0.0,0.0
2015-01-29 00:00:00-05:00,21.326180391252112,21.449178657481472,21.163507295049055,21.409502029418945,15084749,0.0,0.0
2015-01-30 00:00:00-05:00,21.365853889221885,21.449175515182123,21.01273267043312,21.028602600097656,24970097,0.0,0.0
2015-02-02 00:00:00-05:00,21.07225248250258,21.389665533990026,20.84609604293557,21.310312271118164,18524959,0.0,0.0
2015-02-03 00:00:00-05:00,21.3896631324526,21.623754512406247,21.38172816667411,21.524564743041992,17583826,0.0,0.0
2015-02-04 00:00:00-05:00,21.4610838301925,21.57614534212111,21.230959008246305,21.310312271118164,16251602,0.0,0.0
2015-02-05 00:00:00-05:00,21.365851868726253,21.627718270047268,21.31030532206465,21.540430068969727,14671800,0.0,0.0
2015-02-06 00:00:00-05:00,21.50472272361057,21.78246088592752,21.449176170000353,21.62375259399414,19006574,0.0,0.0
2015-02-09 00:00:00-05:00,21.42934008300142,21.754688069542134,21.42934008300142,21.556304931640625,10209910,0.0,0.0
2015-02-10 00:00:00-05:00,21.599953369841735,22.048297894195215,21.37776350088764,21.929269790649414,25966116,0.0,0.0
2015-02-11 00:00:00-05:00,21.98877854268503,22.000680091022122,21.683267109476564,21.877683639526367,14791550,0.0,0.0
2015-02-12 00:00:00-05:00,22.076068655188088,22.080037037358004,21.699142474512772,21.71898078918457,21275892,0.0,0.0
2015-02-13 00:00:00-05:00,21.830076619726523,22.460934333316125,21.822139855056296,22.405385971069336,24438110,0.0,0.0
2015-02-17 00:00:00-05:00,22.286356060529343,22.401419369178445,22.143521267912163,22.385547637939453,17697398,0.0,0.0
2015-02-18 00:00:00-05:00,22.373644764476058,22.61170273809827,22.341903101963478,22.57599449157715,14064732,0.0,0.0
2015-02-19 00:00:00-05:00,22.603764194507797,22.89340207607085,22.389509372068098,22.873563766479492,18514267,0.0,0.0
2015-02-20 00:00:00-05:00,22.881507884403867,23.03227764729472,22.718832974224995,23.020374298095703,16655047,0.0,0.0
2015-02-23 00:00:00-05:00,22.948952218495645,23.250495290754387,22.909277391186553,23.04020881652832,19293833,0.0,0.0
2015-02-24 00:00:00-05:00,23.04021314479506,23.226692959578514,22.960861677181438,23.171146392822266,11979317,0.0,0.0
2015-02-25 00:00:00-05:00,23.226687202141978,23.250493895187187,23.00053081056689,23.151302337646484,18242215,0.0,0.0
2015-02-26 00:00:00-05:00,23.10369572074521,23.353657061059778,23.09576075405235,23.22669219970703,13568861,0.0,0.0
2015-02-27 00:00:00-05:00,23.282234245075998,23.290169209615698,22.909274728913584,22.97672462463379,14896332,0.0,0.0
2015-03-02 00:00:00-05:00,22.833893524355336,23.274304839517043,22.833893524355336,23.163209915161133,15422141,0.0,0.0
2015-03-03 00:00:00-05:00,23.155275309470618,23.26240185323356,23.016407101384484,23.115598678588867,11651666,0.0,0.0
2015-03-04 00:00:00-05:00,22.95689027998544,23.329849860575685,22.857698710882843,23.135435104370117,13759416,0.0,0.0
2015-03-05 00:00:00-05:00,23.12352788889473,23.524262480279198,23.12352788889473,23.440940856933594,16353770,0.0,0.0
2015-03-06 00:00:00-05:00,23.448881026617062,23.99245049542555,23.417139363149573,23.754390716552734,32800205,0.0,0.0
2015-03-09 00:00:00-04:00,23.754388381825233,24.174959537644217,23.698841824783262,24.127347946166992,32726549,0.0,0.0
2015-03-10 00:00:00-04:00,23.825809992995826,24.00435483451803,23.436978645174122,23.49252700805664,37409170,0.0,0.0
2015-03-11 00:00:00-04:00,23.540136471708312,23.88532277440081,23.53616808968761,23.679004669189453,25660562,0.0,0.0
2015-03-12 00:00:00-04:00,23.82977266110849,23.865480901614667,23.444909787955627,23.571874618530273,17642038,0.0,0.0
2015-03-13 00:00:00-04:00,23.821840331246445,23.821840331246445,23.258432554541283,23.43697738647461,18691992,0.0,0.0
2015-03-16 00:00:00-04:00,23.615518591463744,23.798031777533538,23.45681209856431,23.635356903076172,15026299,0.0,0.0
2015-03-17 00:00:00-04:00,23.627421609227998,23.762321407079686,23.349685250519222,23.60361671447754,16373016,0.0,0.0
2015-03-18 00:00:00-04:00,23.552039331939948,23.552039331939948,22.885471638216732,23.183046340942383,37188914,0.0,0.0
2015-03-19 00:00:00-04:00,22.540287002986616,23.147338002791198,22.492675406661206,22.964826583862305,32250161,0.0,0.0
2015-03-20 00:00:00-04:00,23.095756007429802,23.24255915438832,22.984661102294922,22.984661102294922,51283346,0.0,0.0
2015-03-23 00:00:00-04:00,22.980695985061118,23.496492162515274,22.980695985061118,23.258432388305664,17623980,0.0,0.0
2015-03-24 00:00:00-04:00,23.143372286951568,23.817875021453066,23.13543732028111,23.611555099487305,29755361,0.0,0.0
2015-03-25 00:00:00-04:00,23.65519970707018,23.65519970707018,23.020373614912014,23.036245346069336,25144020,0.0,0.0
2015-03-26 00:00:00-04:00,22.837862698305884,23.07988907245058,22.71883280338879,22.821990966796875,15558761,0.0,0.0
2015-03-27 00:00:00-04:00,22.754534300923883,22.996560603254757,22.73469599099077,22.865629196166992,14415905,0.0,0.0
2015-03-30 00:00:00-04:00,22.913242820559027,23.171140872652426,22.909276237072298,22.984661102294922,11317126,0.0,0.0
2015-03-31 00:00:00-04:00,22.893408217690347,23.1671780423484,22.88150666721344,22.885473251342773,11542370,0.0,0.0
2015-04-01 00:00:00-04:00,22.746601017814392,22.905307509009585,22.54028293887836,22.667247772216797,11735539,0.0,0.0
2015-04-02 00:00:00-04:00,22.635506422824605,22.714859669503586,22.52044493437553,22.579959869384766,8419594,0.0,0.0
2015-04-06 00:00:00-04:00,22.020519404514,22.679152090430584,22.00068109226457,22.54425048828125,14706252,0.0,0.0
2015-04-07 00:00:00-04:00,22.655344404021342,22.976725767618674,22.5521862636966,22.647409439086914,16251840,0.0,0.0
2015-04-08 00:00:00-04:00,22.691056882265915,22.857700167448364,22.46886883217085,22.659317016601562,16336901,0.0,0.0
2015-04-09 00:00:00-04:00,22.65931506975358,22.794214881503486,22.41728692727954,22.619638442993164,11570882,0.0,0.0
2015-04-10 00:00:00-04:00,22.782315776370275,22.8894405224108,22.63947918547165,22.750574111938477,12104294,0.0,0.0
2015-04-13 00:00:00-04:00,22.67915173585723,23.10369125173993,22.5323467890357,22.591861724853516,16681421,0.0,0.0
2015-04-14 00:00:00-04:00,22.532349499628996,22.659316149785067,22.365708018910222,22.59583282470703,12054398,0.0,0.0
2015-04-15 00:00:00-04:00,22.607735796188784,22.73470064614028,22.484737530183036,22.623605728149414,12303878,0.0,0.0
2015-04-16 00:00:00-04:00,22.61170209397761,22.77040860393071,22.48077066173734,22.631542205810547,10490278,0.0,0.0
2015-04-17 00:00:00-04:00,22.34983694207372,22.413320263900555,21.980843954893846,22.135583877563477,21192732,0.0,0.0
2015-04-20 00:00:00-04:00,22.21493764438303,22.39744905219928,21.98481284505151,22.246679306030273,20649103,0.0,0.0
2015-04-21 00:00:00-04:00,22.413322718085446,22.48077263110653,22.230809496415265,22.385547637939453,17674114,0.0,0.0
2015-04-22 00:00:00-04:00,22.36967443137182,22.595830835154967,22.30619111188346,22.516477584838867,26262878,0.0,0.0
2015-04-23 00:00:00-04:00,23.571872868699394,23.74644927301898,23.210814916657192,23.365554809570312,37307952,0.0,0.0
2015-04-24 00:00:00-04:00,23.448877377217315,23.7980320248422,23.36555754643242,23.488554000854492,20651479,0.0,0.0
2015-04-27 00:00:00-04:00,23.42904213374908,23.5202987396836,23.298108898981187,23.444913864135742,16405805,0.0,0.0
2015-04-28 00:00:00-04:00,23.39333323213012,23.861516000785848,23.3139799766849,23.599651336669922,22437756,0.0,0.0
2015-04-29 00:00:00-04:00,23.452847941587873,23.66313262796534,23.24256145712161,23.361591339111328,17278034,0.0,0.0
2015-04-30 00:00:00-04:00,23.238595155468925,23.409205027878254,22.98466543706129,23.115598678588867,14935298,0.0,0.0
2015-05-01 00:00:00-04:00,23.115598247570972,23.54013783047189,23.020373256376978,23.528234481811523,16283203,0.0,0.0
2015-05-04 00:00:00-04:00,23.46474998442629,23.5996515990362,23.36159183005395,23.452848434448242,9812880,0.0,0.0
2015-05-05 00:00:00-04:00,23.317944842157132,23.4171364041536,22.96482360068518,22.988630294799805,18719316,0.0,0.0
2015-05-06 00:00:00-04:00,22.937053971260617,23.060050448846575,22.587899257879542,22.810089111328125,16666452,0.0,0.0
2015-05-07 00:00:00-04:00,22.810086874888025,23.099724815118066,22.734700204318035,22.996564865112305,15743138,0.0,0.0
2015-05-08 00:00:00-04:00,23.262402745841467,23.39730257678012,23.198919414759143,23.337787628173828,11453033,0.0,0.0
2015-05-11 00:00:00-04:00,23.349688482715628,23.480621715277717,23.08782381568028,23.147336959838867,10834085,0.0,0.0
2015-05-12 00:00:00-04:00,22.94895081957686,23.246527290009425,22.841824297150755,23.1314640045166,10837886,0.0,0.0
2015-05-13 00:00:00-04:00,23.22669010168058,23.563941439420255,23.032275343866175,23.333818435668945,15145574,0.0,0.0
2015-05-14 00:00:00-04:00,23.500459605351793,23.853580870413072,23.389364688876615,23.845645904541016,14514509,0.0,0.0
2015-05-15 00:00:00-04:00,23.865480901614667,24.135282290391128,23.5560028909031,23.571874618530273,14688194,0.0,0.0
2015-05-18 00:00:00-04:00,23.496489879723168,23.675034693033925,23.472684983468284,23.59171485900879,9354074,0.0,0.0
2015-05-19 00:00:00-04:00,23.66710074890221,23.69884241003381,23.4925243098116,23.508394241333008,6990667,0.0,0.0
2015-05-20 00:00:00-04:00,23.595680503630557,23.647260473929776,23.2584292030208,23.46871566772461,11650478,0.0,0.0
2015-05-21 00:00:00-04:00,23.40920594331274,23.782167367039523,23.40920594331274,23.70281410217285,12222382,0.0,0.0
2015-05-22 00:00:00-04:00,23.69884028403456,23.8734167074641,23.595680344133445,23.69487190246582,10792980,0.0,0.0
2015-05-26 00:00:00-04:00,23.81787444328606,23.8258094097639,23.226691570308496,23.302078247070312,14991847,0.0,0.0
2015-05-27 00:00:00-04:00,23.353650986827905,23.663128992066866,23.254459433744167,23.55997085571289,10165478,0.0,0.0
2015-05-28 00:00:00-04:00,23.500460462028027,24.174961355161543,23.389365541503036,24.02815818786621,21358814,0.0,0.0
2015-05-29 00:00:00-04:00,24.063864865619752,24.456662717487266,23.94483499558855,24.345569610595703,34881581,0.0,0.0
2015-06-01 00:00:00-04:00,24.420956751450902,25.008171191277153,24.420956751450902,24.82168960571289,33498749,0.0,0.0
2015-06-02 00:00:00-04:00,24.63917728169,25.008170259034983,24.56379061426884,24.59950065612793,16855106,0.0,0.0
2015-06-03 00:00:00-04:00,24.746304626509605,24.797884601057657,24.405084916196735,24.603469848632812,18803902,0.0,0.0
2015-06-04 00:00:00-04:00,24.508245342861542,24.81772339809159,24.492375411040026,24.793916702270508,18350561,0.0,0.0
2015-06-05 00:00:00-04:00,24.793914410444998,25.1152957838787,24.662981191709466,25.087522506713867,23993798,0.0,0.0
2015-06-08 00:00:00-04:00,24.80582022825967,24.80582022825967,23.984514389779516,24.143220901489258,29311999,0.0,0.0
2015-06-09 00:00:00-04:00,24.09560792166392,24.139252929109254,23.702810047010768,23.96864128112793,22695077,0.0,0.0
2015-06-10 00:00:00-04:00,24.0281570518448,24.17892859413693,23.889288857276295,23.992448806762695,21102206,0.0,0.0
2015-06-11 00:00:00-04:00,24.08370580563467,24.198767306653135,23.86548435342883,23.984514236450195,16867462,0.0,0.0
2015-06-12 00:00:00-04:00,23.93293368876986,24.075770264216697,23.794065495231067,23.81390380859375,16434317,0.0,0.0
2015-06-15 00:00:00-04:00,23.659164180990075,23.881353995776216,23.508392649391524,23.805967330932617,19259143,0.0,0.0
2015-06-16 00:00:00-04:00,23.76232402984727,24.551889987035178,23.71868081894335,24.012287139892578,22362199,0.0,0.0
2015-06-17 00:00:00-04:00,24.00435068306759,24.23844204889822,23.90119073990469,24.024188995361328,10832659,0.0,0.0
2015-06-18 00:00:00-04:00,24.06386677823133,24.250346563150686,24.055931812549627,24.079736709594727,16602775,0.0,0.0
2015-06-19 00:00:00-04:00,24.119413926582542,24.385246971004527,24.06783395125558,24.270185470581055,25043278,0.0,0.0
2015-06-22 00:00:00-04:00,24.43682757301381,24.55982584055634,24.31383110356013,24.50031089782715,12277505,0.0,0.0
2015-06-23 00:00:00-04:00,24.5042760497301,24.59950103138492,24.37731120561242,24.571727752685547,13147121,0.0,0.0
2015-06-24 00:00:00-04:00,24.643144518573592,24.754239432709763,24.405084758891267,24.44476318359375,20029680,0.0,0.0
2015-06-25 00:00:00-04:00,24.472537560770586,24.59950241201408,24.3931843039823,24.4407958984375,14268830,0.0,0.0
2015-06-26 00:00:00-04:00,24.440794870400833,24.48443808094535,24.083705229873555,24.218605041503906,15897103,0.0,0.0
2015-06-29 00:00:00-04:00,24.06783518663521,24.135286895265136,23.452849227393763,23.556007385253906,18184954,0.0,0.0
2015-06-30 00:00:00-04:00,23.825808742213663,24.044030203729285,23.567910651331562,23.901193618774414,20587565,0.0,0.0
2015-07-01 00:00:00-04:00,24.198769630947446,24.198769630947446,23.73455340219386,23.976581573486328,19601762,0.0,0.0
2015-07-02 00:00:00-04:00,24.222572653031335,24.690755395028113,23.976577934776195,24.53998565673828,39197110,0.0,0.0
2015-07-06 00:00:00-04:00,24.385248294119123,24.746306342909655,24.278121753759056,24.5042781829834,38425622,0.0,0.0
2015-07-07 00:00:00-04:00,24.865336015940002,24.87327098217763,24.24241329590844,24.591567993164062,50104375,0.0,0.0
2015-07-08 00:00:00-04:00,24.40905511338727,24.492376755245164,24.15115701955625,24.198768615722656,33981552,0.0,0.0
2015-07-09 00:00:00-04:00,24.563795851230765,24.726470769952762,24.424929430246138,24.508249282836914,21711888,0.0,0.0
2015-07-10 00:00:00-04:00,24.738370499673014,24.793917059938426,24.38524742970656,24.746305465698242,20200990,0.0,0.0
2015-07-13 00:00:00-04:00,24.766142315580456,25.29384179925853,24.750272384468268,25.18274688720703,35042436,0.0,0.0
2015-07-14 00:00:00-04:00,25.14704029348984,25.50809835764699,25.14307370921222,25.230361938476562,26100122,0.0,0.0
2015-07-15 00:00:00-04:00,25.285908332432143,25.476354709421322,25.08752519132772,25.17084503173828,30818383,0.0,0.0
2015-07-16 00:00:00-04:00,25.908828052271208,26.468267366908417,25.789796383227177,26.023889541625977,73716113,0.0,0.0
2015-07-17 00:00:00-04:00,26.202438445500885,26.476206472273702,25.73028726944663,26.3016300201416,62178494,0.0,0.0
2015-07-20 00:00:00-04:00,25.349641220261876,27.668724297971583,25.06682704404569,26.93340492248535,37485700,0.0,2.376
2015-07-21 00:00:00-04:00,26.537465902486485,27.329347810460323,26.377204044965854,26.961688995361328,44336300,0.0,0.0
2015-07-22 00:00:00-04:00,26.612881333495626,27.159656728228878,26.584600994617723,26.820280075073242,33661000,0.0,0.0
2015-07-23 00:00:00-04:00,26.631740494855993,26.961691621666695,26.509188143914923,26.801429748535156,40433500,0.0,0.0
2015-07-24 00:00:00-04:00,27.17851279406544,27.197367552950478,26.56574751501192,26.612882614135742,16134400,0.0,0.0
2015-07-27 00:00:00-04:00,26.41490997825713,26.5845991923756,26.22636600743915,26.396055221557617,15915400,0.0,0.0
2015-07-28 00:00:00-04:00,26.46204875075768,26.744864746302653,26.28293213338808,26.707155227661133,33250000,0.0,0.0
2015-07-29 00:00:00-04:00,26.763721301999833,27.216226596027134,26.631741565206774,27.103099822998047,13841300,0.0,0.0
2015-07-30 00:00:00-04:00,26.989970102446147,27.05596176172491,26.480904174631995,26.74486541748047,11812900,0.0,0.0
2015-07-31 00:00:00-04:00,26.83913702154038,26.90512868426456,26.452623416029244,26.509187698364258,11863700,0.0,0.0
2015-08-03 00:00:00-04:00,26.48090351007844,26.726009986981893,26.24522441283537,26.707155227661133,16138700,0.0,0.0
2015-08-04 00:00:00-04:00,26.546894591857207,26.801428460140027,26.42434224680746,26.782573699951172,9727300,0.0,0.0
2015-08-05 00:00:00-04:00,26.801426469594226,27.07481327967252,26.801426469594226,26.923978805541992,10476400,0.0,0.0
2015-08-06 00:00:00-04:00,26.94283310348005,26.989968201556323,26.490329688828425,26.546892166137695,9167600,0.0,0.0
2015-08-07 00:00:00-04:00,26.5751703550363,26.93340172221711,26.480898374802884,26.914546966552734,12679500,0.0,0.0
2015-08-10 00:00:00-04:00,26.97111631910731,27.282212653874677,26.961688939497535,27.018251419067383,7176800,0.0,0.0
2015-08-11 00:00:00-04:00,26.678872499962363,26.980543248171188,26.462048166824676,26.528038024902344,9935700,0.0,0.0
2015-08-12 00:00:00-04:00,25.94355248394303,26.433765381590725,25.745581129932432,26.40548324584961,11164100,0.0,0.0
2015-08-13 00:00:00-04:00,26.377207445815362,26.537469323998774,26.14152831896264,26.386634826660156,7421900,0.0,0.0
2015-08-14 00:00:00-04:00,26.33949582954959,26.669446918019517,26.20751431530835,26.641164779663086,7262800,0.0,0.0
2015-08-17 00:00:00-04:00,26.50918129874425,26.697723466744517,26.18865763524642,26.669443130493164,9457900,0.0,0.0
2015-08-18 00:00:00-04:00,26.801424247399325,26.829704585148505,26.075532277026788,26.179231643676758,10865000,0.0,0.0
2015-08-19 00:00:00-04:00,25.886989674576952,26.14152351635743,25.736155204948975,25.85870933532715,11332900,0.0,0.0
2015-08-20 00:00:00-04:00,25.651310294518364,25.73615490746447,24.972555189038207,25.000837326049805,15819500,0.0,0.0
2015-08-21 00:00:00-04:00,24.821717099883347,25.113958614012972,24.246659651164165,24.29379653930664,19527700,0.0,0.0
2015-08-24 00:00:00-04:00,22.502643621961358,23.671611864933645,21.89930383990961,23.501922607421875,23085800,0.0,0.0
2015-08-25 00:00:00-04:00,23.916712410926635,24.369215786144874,23.784730911254883,23.784730911254883,22650400,0.0,0.0
2015-08-26 00:00:00-04:00,24.425782414619466,24.689743660787915,23.74702723630059,24.670888900756836,16809000,0.0,0.0
2015-08-27 00:00:00-04:00,24.99141222594366,25.632459671952386,24.925422364987853,25.54761505126953,18148500,0.0,0.0
2015-08-28 00:00:00-04:00,25.434484426140436,25.70787300637372,25.27422258899058,25.68901824951172,11313400,0.0,0.0
2015-08-31 00:00:00-04:00,25.528759030019902,25.698448263000287,25.45334179292737,25.55704116821289,11635800,0.0,0.0
2015-09-01 00:00:00-04:00,25.019695232067924,25.538188555897236,24.793441703685005,24.963130950927734,15491900,0.0,0.0
2015-09-02 00:00:00-04:00,25.321362186601775,25.377924665142604,24.897139102323596,25.33078956604004,10907600,0.0,0.0
2015-09-03 00:00:00-04:00,25.79272159151992,26.018973314487255,25.387353246920128,25.491052627563477,12281600,0.0,0.0
2015-09-04 00:00:00-04:00,25.047975574549103,25.217664821791836,24.78401612158389,24.963130950927734,9066900,0.0,0.0
2015-09-08 00:00:00-04:00,25.161102458916876,25.217664942238308,24.708597198078664,24.850006103515625,14685900,0.0,0.0
2015-09-09 00:00:00-04:00,25.368496906241766,25.368496906241766,24.652032262449286,24.699169158935547,10328400,0.0,0.0
2015-09-10 00:00:00-04:00,24.29379954111944,24.73687555587589,24.29379954111944,24.65203094482422,12912100,0.0,0.0
2015-09-11 00:00:00-04:00,24.623751815489335,24.821721385603883,24.42578044728605,24.812294006347656,6241200,0.0,0.0
2015-09-14 00:00:00-04:00,24.718026137936636,24.718026137936636,24.190105398085805,24.27495002746582,9207100,0.0,0.0
2015-09-15 00:00:00-04:00,24.322076775504005,24.57661057617622,23.954418039925308,24.49176597595215,12316300,0.0,0.0
2015-09-16 00:00:00-04:00,24.510624909188735,25.217662166184564,24.425780294502136,25.208234786987305,13030700,0.0,0.0
2015-09-17 00:00:00-04:00,25.170527935945604,25.236517794512434,24.699169748366764,24.765159606933594,14936500,0.0,0.0
2015-09-18 00:00:00-04:00,24.482343083881204,24.699169212006414,23.87900519227062,24.52947998046875,23469900,0.0,0.0
2015-09-21 00:00:00-04:00,24.75573492800718,24.981986666956104,24.218386823242362,24.435211181640625,9343600,0.0,0.0
2015-09-22 00:00:00-04:00,24.22780992866815,24.322080121362323,23.944993956319625,24.14296531677246,10875300,0.0,0.0
2015-09-23 00:00:00-04:00,24.152391403336637,24.28437110451757,24.00155514730169,24.124109268188477,6766300,0.0,0.0
2015-09-24 00:00:00-04:00,23.83186900585115,24.208955170893848,23.65275240317262,24.14296531677246,9734000,0.0,0.0
2015-09-25 00:00:00-04:00,24.284375696137516,24.331510798874714,23.737600233177037,23.87900733947754,8717900,0.0,0.0
2015-09-28 00:00:00-04:00,23.70931335278129,23.775303202656424,22.71946200847719,22.757169723510742,15787800,0.0,0.0
2015-09-29 00:00:00-04:00,22.813737875028618,22.98342531868533,22.398942150549317,22.700611114501953,19652200,0.0,0.0
2015-09-30 00:00:00-04:00,22.926862711530283,23.09655195234376,22.65347588873323,23.039989471435547,12862200,0.0,0.0
2015-10-01 00:00:00-04:00,23.09654920737451,23.577334733176205,23.039986733188613,23.483062744140625,16269100,0.0,0.0
2015-10-02 00:00:00-04:00,23.10597765571438,24.086401712040008,22.91743366891509,24.067548751831055,13228000,0.0,0.0
2015-10-05 00:00:00-04:00,24.124114890653257,24.3975017351145,24.04869764410302,24.265522003173828,11762100,0.0,0.0
2015-10-06 00:00:00-04:00,24.208959579467773,24.359794072952575,24.11468757151752,24.208959579467773,8955800,0.0,0.0
2015-10-07 00:00:00-04:00,24.42578393909105,24.444638700298903,24.029842944171197,24.208959579467773,11440500,0.0,0.0
2015-10-08 00:00:00-04:00,23.511350379526764,23.643330116193145,22.26696486784645,22.766603469848633,48539500,0.0,0.0
2015-10-09 00:00:00-04:00,22.82316205243881,23.02113342165642,22.672327579743843,22.90800666809082,17628900,0.0,0.0
2015-10-12 00:00:00-04:00,22.662903156583997,23.20967859756522,22.60633887786644,23.153114318847656,9882300,0.0,0.0
2015-10-13 00:00:00-04:00,23.12483402972352,23.473638092157497,23.011707270122137,23.209678649902344,11539400,0.0,0.0
2015-10-14 00:00:00-04:00,23.369937459635064,23.379363040123284,22.55920088291411,22.62519073486328,14584400,0.0,0.0
2015-10-15 00:00:00-04:00,22.766599549847392,23.134260149967673,22.58748293943437,23.10597801208496,16102100,0.0,0.0
2015-10-16 00:00:00-04:00,23.058845477643523,23.303951991394133,23.00228298926695,23.14369010925293,9143200,0.0,0.0
2015-10-19 00:00:00-04:00,23.134261357363975,23.16254169863392,22.87030011761521,23.153114318847656,11451900,0.0,0.0
2015-10-20 00:00:00-04:00,23.15311313694432,23.26623989051579,22.860871570843745,23.021133422851562,12340100,0.0,0.0
2015-10-21 00:00:00-04:00,23.15311509746576,23.285096620822987,22.794883643985074,22.823163986206055,16881400,0.0,0.0
2015-10-22 00:00:00-04:00,24.981982782271174,26.075533582855574,24.755731078504272,26.0001163482666,44605900,0.0,0.0
2015-10-23 00:00:00-04:00,26.14152384956234,26.933405724247052,25.755010291452983,26.546892166137695,21803600,0.0,0.0
2015-10-26 00:00:00-04:00,26.150953742241796,26.61288458052398,26.103818639635232,26.55632209777832,13164800,0.0,0.0
2015-10-27 00:00:00-04:00,26.59402913721787,26.81085527867037,26.452622034941097,26.74486541748047,10970500,0.0,0.0
2015-10-28 00:00:00-04:00,26.83913754843473,26.83913754843473,26.36777930825653,26.63174057006836,11374100,0.0,0.0
2015-10-29 00:00:00-04:00,26.594024736947166,26.697724100566745,26.41490994280788,26.565744400024414,9022500,0.0,0.0
2015-10-30 00:00:00-04:00,26.622310133099823,26.678872611962593,26.21694180539095,26.301786422729492,9792600,0.0,0.0
2015-11-02 00:00:00-05:00,26.14152434980293,26.886271140662743,26.132096970389526,26.867416381835938,11305900,0.0,0.0
2015-11-03 00:00:00-05:00,26.782570335820733,27.61216169903718,26.744862618268353,27.2445011138916,16644100,0.0,0.0
2015-11-04 00:00:00-05:00,27.24449969955566,27.697003075225588,27.225644942713938,27.621585845947266,13532800,0.0,0.0
2015-11-05 00:00:00-05:00,27.263354456397387,27.88554704746568,27.263354456397387,27.621585845947266,12500400,0.0,0.0
2015-11-06 00:00:00-05:00,27.367058207137053,27.98925089792599,27.310493927546155,27.715862274169922,12308400,0.0,0.0
2015-11-09 00:00:00-05:00,27.697005093776205,27.697005093776205,27.16908445035324,27.50846290588379,11252000,0.0,0.0
2015-11-10 00:00:00-05:00,27.508462231571794,27.621587181916485,27.1973659209909,27.470752716064453,13603100,0.0,0.0
2015-11-11 00:00:00-05:00,27.433050256779097,27.649874618239355,27.225651477913626,27.291643142700195,22126500,0.0,0.0
2015-11-12 00:00:00-05:00,27.027678180790016,27.263357271380062,26.895698465447996,26.923978805541992,11702700,0.0,0.0
2015-11-13 00:00:00-05:00,26.914552925671085,27.376485551281906,26.52803933941621,26.575176239013672,14700800,0.0,0.0
2015-11-16 00:00:00-05:00,26.669445527267985,26.867415091173008,26.358347415836636,26.848560333251953,11121400,0.0,0.0
2015-11-17 00:00:00-05:00,26.86741517192887,27.074812115417796,26.70715332529557,26.820280075073242,9095800,0.0,0.0
2015-11-18 00:00:00-05:00,26.9805474671315,27.13138196577758,26.57517907773676,27.103099822998047,10796500,0.0,0.0
2015-11-19 00:00:00-05:00,26.923976885205885,27.244500569394294,26.923976885205885,27.1219482421875,6751300,0.0,0.0
2015-11-20 00:00:00-05:00,27.329350100973254,27.489611971925665,27.01825373948786,27.395339965820312,7997200,0.0,0.0
2015-11-23 00:00:00-05:00,27.26335974880124,27.461329339803765,26.99939849604228,27.187942504882812,7365400,0.0,0.0
2015-11-24 00:00:00-05:00,26.792000193993864,27.508464874675624,26.792000193993864,27.338775634765625,7769400,0.0,0.0
2015-11-25 00:00:00-05:00,27.131378673813867,27.37648515389622,27.065387015335325,27.338775634765625,6657900,0.0,0.0
2015-11-27 00:00:00-05:00,27.423617054911094,27.546169381608347,27.140802886785966,27.43304443359375,5317700,0.0,0.0
2015-11-30 00:00:00-05:00,27.423619383947553,27.932685289424516,27.376484284619814,27.894977569580078,16687400,0.0,0.0
2015-12-01 00:00:00-05:00,28.045812217352925,28.12122945559368,27.357629693644903,27.385910034179688,12950700,0.0,0.0
2015-12-02 00:00:00-05:00,27.489610088759235,27.72528918883302,27.14080602757978,27.31049346923828,10628400,0.0,0.0
2015-12-03 00:00:00-05:00,27.338776470883342,27.338776470883342,26.509186803615652,26.95226287841797,13641400,0.0,0.0
2015-12-04 00:00:00-05:00,27.074815510601642,27.894979604594496,26.95226316455572,27.66872787475586,10055900,0.0,0.0
2015-12-07 00:00:00-05:00,27.612163546990757,27.687580785231518,27.169085698998607,27.385910034179688,7037100,0.0,0.0
2015-12-08 00:00:00-05:00,27.272784002978664,27.433045852696832,26.867415689098078,27.140804290771484,8936400,0.0,0.0
2015-12-09 00:00:00-05:00,26.791998580234242,27.19736689602744,26.52803735648574,26.716581344604492,7131700,0.0,0.0
2015-12-10 00:00:00-05:00,26.660018125221526,27.244501235558626,26.61288123045971,26.93340492248535,8830800,0.0,0.0
2015-12-11 00:00:00-05:00,26.575171783308033,26.80142346917495,26.273502868818813,26.367773056030273,9105200,0.0,0.0
2015-12-14 00:00:00-05:00,26.490329796264252,26.791998740588802,26.254650708749605,26.433767318725586,11452800,0.0,0.0
2015-12-15 00:00:00-05:00,26.612885747443677,26.961691635528954,26.60345836689121,26.688302993774414,10287100,0.0,0.0
2015-12-16 00:00:00-05:00,26.88626982581221,27.01824953496794,26.6411633673168,26.93340492248535,12510200,0.0,0.0
2015-12-17 00:00:00-05:00,27.008821668634422,27.103093658368213,26.424338568844473,26.443191528320312,7321700,0.0,0.0
2015-12-18 00:00:00-05:00,26.24522280631695,26.462047130967044,25.877564012511254,25.88698959350586,20493800,0.0,0.0
2015-12-21 00:00:00-05:00,26.037826510514304,26.122669328203934,25.69844804740078,26.009544372558594,10801500,0.0,0.0
2015-12-22 00:00:00-05:00,26.03782446186895,26.46204570929455,25.849280486509613,26.292356491088867,12376200,0.0,0.0
2015-12-23 00:00:00-05:00,26.396062375654157,26.43377189927355,26.06611123634067,26.18866539001465,5315300,0.0,0.0
2015-12-24 00:00:00-05:00,26.311213914594997,26.339496053191564,26.018972341452297,26.07553482055664,2517300,0.0,0.0
2015-12-28 00:00:00-05:00,25.9435557184303,26.103817578099896,25.755011719493538,26.05668067932129,3722400,0.0,0.0
2015-12-29 00:00:00-05:00,26.14152520818588,26.39605906643929,26.113244867105827,26.311214447021484,4332400,0.0,0.0
2015-12-30 00:00:00-05:00,26.141524650746177,26.38663112405,26.122669891702316,26.16037940979004,4036200,0.0,0.0
2015-12-31 00:00:00-05:00,26.047252739205877,26.10381701652333,25.877565301519912,25.905845642089844,4923800,0.0,0.0
2016-01-04 00:00:00-05:00,25.557040124979878,25.68901983498223,24.586041663721833,24.915992736816406,19107600,0.0,0.0
2016-01-05 00:00:00-05:00,25.08568728988055,25.321366420982503,24.454067146603748,24.623756408691406,16691400,0.0,0.0
2016-01-06 00:00:00-05:00,24.35036132045108,25.132815757070738,24.29379884739469,24.897136688232422,12139900,0.0,0.0
2016-01-07 00:00:00-05:00,24.322079450434682,24.953699433741132,24.133537272158627,24.218381881713867,13350000,0.0,0.0
2016-01-08 00:00:00-05:00,24.482347011456387,24.661463651046308,24.1995327789157,24.27495002746582,11233800,0.0,0.0
2016-01-11 00:00:00-05:00,24.463485662910486,24.74629979851529,24.322076797019662,24.60489273071289,11939900,0.0,0.0
2016-01-12 00:00:00-05:00,24.61433077725459,24.88771765375878,24.435214121420614,24.708600997924805,9444200,0.0,0.0
2016-01-13 00:00:00-05:00,24.897140317180302,24.944275418582823,23.81301680212251,23.954423904418945,11659900,0.0,0.0
2016-01-14 00:00:00-05:00,23.963853003103825,24.65203560223759,23.52077690463873,24.37864875793457,16551100,0.0,0.0
2016-01-15 00:00:00-05:00,23.61504172606704,24.020410007832275,23.379362659746658,23.813013076782227,14332700,0.0,0.0
2016-01-19 00:00:00-05:00,24.14296209342758,24.42577622992871,23.907283046980496,24.29379653930664,13824600,0.0,0.0
2016-01-20 00:00:00-05:00,23.41707503926796,24.642605614881358,23.341657800739274,24.3409366607666,17507900,0.0,0.0
2016-01-21 00:00:00-05:00,24.388075364030744,24.746306824038648,23.86958023743562,24.59547233581543,15403100,0.0,0.0
2016-01-22 00:00:00-05:00,24.94427307576623,25.208234293859626,24.614323800760346,24.915992736816406,10447000,0.0,0.0
2016-01-25 00:00:00-05:00,24.887709368473452,25.029116450492616,24.60489520443513,24.642602920532227,9867100,0.0,0.0
2016-01-26 00:00:00-05:00,24.69917267226401,25.14224877372767,24.69917267226401,25.123394012451172,7625500,0.0,0.0
2016-01-27 00:00:00-05:00,25.179953432743694,25.519331902048144,24.604897668530775,24.906566619873047,18597800,0.0,0.0
2016-01-28 00:00:00-05:00,21.899298996724156,22.747743298554507,21.11684454753447,21.80502700805664,55880800,0.0,0.0
2016-01-29 00:00:00-05:00,21.86159116887097,22.134977956718178,21.635339476073366,22.11612319946289,30604900,0.0,0.0
2016-02-01 00:00:00-05:00,22.003000041468532,22.84201702858583,21.927582804402803,22.56863021850586,19884900,0.0,0.0
2016-02-02 00:00:00-05:00,22.361230459782295,22.39893997565929,21.88044492088273,21.95586395263672,16073900,0.0,0.0
2016-02-03 00:00:00-05:00,22.106696389505313,22.37065578404532,21.597628760454988,22.153831481933594,19749200,0.0,0.0
2016-02-04 00:00:00-05:00,22.1444091796875,22.25753594476979,21.767322959561426,22.1444091796875,15936800,0.0,0.0
2016-02-05 00:00:00-05:00,22.106702299424565,22.1632647850774,21.73904164745864,21.871023178100586,18872300,0.0,0.0
2016-02-08 00:00:00-05:00,21.550495861572983,21.56934882161016,20.28725583655846,21.192262649536133,20601200,0.0,0.0
2016-02-09 00:00:00-05:00,20.918874780420666,21.682474464623013,20.654913574409008,20.74918556213379,16786400,0.0,0.0
2016-02-10 00:00:00-05:00,20.99429441942794,21.418515715722787,20.81517780201164,21.04142951965332,12220500,0.0,0.0
2016-02-11 00:00:00-05:00,20.673772712322222,21.1639857138958,20.400384069798463,20.8151798248291,17634500,0.0,0.0
2016-02-12 00:00:00-05:00,21.09799509510787,21.32424864403502,20.95658797559521,21.20169448852539,11866100,0.0,0.0
2016-02-16 00:00:00-05:00,21.022574558701322,21.68247674406042,20.95658469978317,21.63534164428711,10380600,0.0,0.0
2016-02-17 00:00:00-05:00,21.757893787982592,21.94643778156738,21.58820455337404,21.889873504638672,10904000,0.0,0.0
2016-02-18 00:00:00-05:00,21.795602009235754,22.314095263613698,21.757892493526757,22.18211555480957,11111100,0.0,0.0
2016-02-19 00:00:00-05:00,22.08784590011536,22.493214246424223,22.012428658808282,22.446077346801758,9784600,0.0,0.0
2016-02-22 00:00:00-05:00,22.578059320791766,22.898583052301888,22.549777180450672,22.8514461517334,9724900,0.0,0.0
2016-02-23 00:00:00-05:00,22.662901068134648,22.813735534637317,22.257532765125468,22.26696014404297,10125500,0.0,0.0
2016-02-24 00:00:00-05:00,22.08784581235044,22.644048639063413,21.946438710222655,22.58748435974121,9471700,0.0,0.0
2016-02-25 00:00:00-05:00,22.653476622134374,22.81373848830345,22.52149509829055,22.794883728027344,7554600,0.0,0.0
2016-02-26 00:00:00-05:00,22.992853316659723,23.1342622206416,22.747746827337085,22.794883728027344,7415000,0.0,0.0
2016-02-29 00:00:00-05:00,22.7383239431507,22.95514831778502,22.408372791526368,22.43665313720703,7062200,0.0,0.0
2016-03-01 00:00:00-05:00,22.615763906631905,22.860870361328125,22.26695988124438,22.860870361328125,8742000,0.0,0.0
2016-03-02 00:00:00-05:00,22.74774828489845,22.804312569351115,22.304672178553343,22.361234664916992,9875800,0.0,0.0
2016-03-03 00:00:00-05:00,22.33295112791437,22.61576531738865,22.229251752665707,22.56863021850586,7778100,0.0,0.0
2016-03-04 00:00:00-05:00,22.681754324487002,23.209676762238587,22.559201993134234,23.01170539855957,8254200,0.0,0.0
2016-03-07 00:00:00-05:00,22.964572293465324,23.002280014810644,22.681756291975596,22.87030029296875,4889000,0.0,0.0
2016-03-08 00:00:00-05:00,22.644047990214276,22.99285204559549,22.332951655211847,22.69118309020996,11574000,0.0,0.0
2016-03-09 00:00:00-05:00,22.945715120825913,23.087122207656282,22.342377258035715,22.57805633544922,12347700,0.0,0.0
2016-03-10 00:00:00-05:00,22.66290360609791,22.719466087848538,21.66362290599987,22.33295249938965,19207600,0.0,0.0
2016-03-11 00:00:00-05:00,22.596911791253042,22.700611172158464,22.530921929981904,22.6440486907959,13854000,0.0,0.0
2016-03-14 00:00:00-04:00,22.644044184923583,22.955140467646846,22.53091744662035,22.889150619506836,16007600,0.0,0.0
2016-03-15 00:00:00-04:00,22.7194628545349,22.766597949604257,22.19154223778587,22.229249954223633,8854200,0.0,0.0
2016-03-16 00:00:00-04:00,22.10670013623767,22.427223853721483,21.569350281805054,22.323524475097656,22223000,0.0,0.0
2016-03-17 00:00:00-04:00,22.41779579887352,22.55920289395443,22.00300009495925,22.398941040039062,11338200,0.0,0.0
2016-03-18 00:00:00-04:00,22.398939778096324,22.59690934043836,21.861591768209465,22.408367156982422,19940400,0.0,0.0
2016-03-21 00:00:00-04:00,22.4460765286568,23.08712395544562,22.389514049260374,22.945716857910156,14712700,0.0,0.0
2016-03-22 00:00:00-04:00,22.77602956241723,22.936291432770627,22.719467078201017,22.74774742126465,8961000,0.0,0.0
2016-03-23 00:00:00-04:00,22.710042264922972,22.889158916291816,22.587488104164077,22.785459518432617,7740900,0.0,0.0
2016-03-24 00:00:00-04:00,22.74774484347809,22.97399835088168,22.625192508549162,22.936288833618164,13475100,0.0,0.0
2016-03-28 00:00:00-04:00,22.898581250114624,22.945716348884538,22.700609879485715,22.738319396972656,5699700,0.0,0.0
2016-03-29 00:00:00-04:00,22.342377185371202,22.72889072722519,22.021853497284184,22.719463348388672,13859700,0.0,0.0
2016-03-30 00:00:00-04:00,22.681753884309607,23.162539417526837,22.634618788109133,22.662900924682617,11125700,0.0,0.0
2016-03-31 00:00:00-04:00,22.747751499257806,22.766606263406292,22.436655083164897,22.49321937561035,14866600,0.0,0.0
2016-04-01 00:00:00-04:00,22.973998486206426,22.983424067489075,22.314096314917858,22.512065887451172,11167900,0.0,0.0
2016-04-04 00:00:00-04:00,22.059564350575958,22.794883821561093,22.059564350575958,22.65347671508789,12415900,0.0,0.0
2016-04-05 00:00:00-04:00,22.33295274217142,23.256814412526765,22.295243221868475,22.99285316467285,16589800,0.0,0.0
2016-04-06 00:00:00-04:00,23.04941458268221,24.058120750361766,22.964569970626112,23.973276138305664,21660500,0.0,0.0
2016-04-07 00:00:00-04:00,23.831868877856703,23.831868877856703,22.587481842766064,22.719463348388672,20124400,0.0,0.0
2016-04-08 00:00:00-04:00,22.82316280866893,22.983424665978593,22.5120664736665,22.69118309020996,8497400,0.0,0.0
2016-04-11 00:00:00-04:00,22.785454440667635,23.03998828882296,22.662902105308827,22.68175506591797,7405100,0.0,0.0
2016-04-12 00:00:00-04:00,22.804309093102383,23.143685757639304,22.653474620399585,23.021133422851562,8928000,0.0,0.0
2016-04-13 00:00:00-04:00,23.1719676342608,24.133538735464747,23.143685496664663,23.643325805664062,17002200,0.0,0.0
2016-04-14 00:00:00-04:00,23.84129771266611,23.86957805281407,23.53019958632839,23.765878677368164,7870500,0.0,0.0
2016-04-15 00:00:00-04:00,23.860151320582894,23.879006079918796,23.56790974323169,23.775306701660156,6344600,0.0,0.0
2016-04-18 00:00:00-04:00,23.379361979128664,24.01098193040317,23.379361979128664,23.86014747619629,5954700,0.0,0.0
2016-04-19 00:00:00-04:00,23.23795775139434,23.45478208113226,22.70060971765743,22.90800666809082,20833700,0.0,0.0
2016-04-20 00:00:00-04:00,22.90801032296722,23.435932859716164,22.870302597821745,23.24738883972168,8495100,0.0,0.0
2016-04-21 00:00:00-04:00,23.219104817627702,23.44535834254068,23.190824475580246,23.27566909790039,8403900,0.0,0.0
2016-04-22 00:00:00-04:00,23.200250656157596,23.539627329803288,22.973998941030867,23.00227928161621,10639600,0.0,0.0
2016-04-25 00:00:00-04:00,23.002279339443252,23.134260855498905,22.766600244165986,22.832590103149414,16246800,0.0,0.0
2016-04-26 00:00:00-04:00,22.78545680014849,23.303950131410378,22.78545680014849,23.087125778198242,18002700,0.0,0.0
2016-04-27 00:00:00-04:00,23.879005486937135,24.708595098138808,23.747025771040878,23.82244300842285,29282900,0.0,0.0
2016-04-28 00:00:00-04:00,23.652754712322665,23.888433813244102,23.143686991249712,23.209678649902344,13422100,0.0,0.0
2016-04-29 00:00:00-04:00,22.973998967818122,23.17196854450154,22.68175559544432,23.030561447143555,20154900,0.0,0.0
2016-05-02 00:00:00-04:00,22.79488305218926,22.9928526349521,22.681756291975596,22.87030029296875,10646100,0.0,0.0
2016-05-03 00:00:00-04:00,22.69118694856388,22.860876214343993,22.512070301563863,22.606342315673828,9531500,0.0,0.0
2016-05-04 00:00:00-04:00,22.45550789972022,22.662906691187064,22.37066326649999,22.43665313720703,8123200,0.0,0.0
2016-05-05 00:00:00-04:00,22.644048729038374,22.672329070722988,22.39894224526816,22.446077346801758,7915400,0.0,0.0
2016-05-06 00:00:00-04:00,22.314096369008716,22.47435822253364,22.19154403306084,22.455503463745117,7928400,0.0,0.0
2016-05-09 00:00:00-04:00,22.427224347165346,22.75717365352103,22.370660067713917,22.6440486907959,7844700,0.0,0.0
2016-05-10 00:00:00-04:00,22.662902720363366,22.83259015898335,22.57805810200897,22.77602767944336,8497400,0.0,0.0
2016-05-11 00:00:00-04:00,22.7383220720683,22.794884556864357,22.380088806152347,22.380088806152344,7543900,0.0,0.0
2016-05-12 00:00:00-04:00,22.540346256711818,22.549773635343414,22.153832723259487,22.229249954223633,10867900,0.0,0.0
2016-05-13 00:00:00-04:00,22.295246741079982,22.55920803059908,22.24811163135012,22.417800903320312,8556700,0.0,0.0
2016-05-16 00:00:00-04:00,22.323528158306136,22.51207038917067,22.257538287599093,22.43665313720703,5589400,0.0,0.0
2016-05-17 00:00:00-04:00,22.285815790301836,22.436650274987315,21.852167096353305,21.93701171875,9957800,0.0,0.0
2016-05-18 00:00:00-04:00,21.974719252761634,22.483786982783904,21.889874631091256,22.33295249938965,8891000,0.0,0.0
2016-05-19 00:00:00-04:00,22.23867675337609,22.31409398237507,21.91815308060828,22.078414916992188,5194100,0.0,0.0
2016-05-20 00:00:00-04:00,22.097274620759677,22.398943604291308,21.974720472394342,22.295244216918945,6825000,0.0,0.0
2016-05-23 00:00:00-04:00,22.040705968530354,22.455501637703605,22.002998252108394,22.11612319946289,5367000,0.0,0.0
2016-05-24 00:00:00-04:00,22.285809740092738,22.794877336269913,22.285809740092738,22.67232322692871,8014000,0.0,0.0
2016-05-25 00:00:00-04:00,22.54034679761952,22.81373539023053,22.521492039903865,22.662900924682617,7342900,0.0,0.0
2016-05-26 00:00:00-04:00,22.606337883857126,22.74774497825563,22.49321292757383,22.738319396972656,5548900,0.0,0.0
2016-05-27 00:00:00-04:00,22.785454388106196,23.00227871836556,22.766599629451797,22.964570999145508,8050500,0.0,0.0
2016-05-31 00:00:00-04:00,22.898579753395495,23.209676059973525,22.85144285961783,23.058839797973633,11426400,0.0,0.0
2016-06-01 00:00:00-04:00,23.030561564063085,23.039988943679987,22.662902749448072,22.69118309020996,7718000,0.0,0.0
2016-06-02 00:00:00-04:00,22.7665983713544,22.8797251189406,22.512064537851945,22.860870361328125,10350100,0.0,0.0
2016-06-03 00:00:00-04:00,22.82316668946436,22.860876214343993,22.38951794188329,22.606342315673828,6413600,0.0,0.0
2016-06-06 00:00:00-04:00,22.60633914537074,22.71946590605567,22.502641562672487,22.615766525268555,7058900,0.0,0.0
2016-06-07 00:00:00-04:00,22.747741747105668,22.96456784567949,22.728888789128884,22.889150619506836,9760100,0.0,0.0
2016-06-08 00:00:00-04:00,22.86087479606011,22.94571942368642,22.728895063347622,22.84202003479004,7722400,0.0,0.0
2016-06-09 00:00:00-04:00,22.80430911937336,22.983423932108806,22.691182365671565,22.936288833618164,7914800,0.0,0.0
2016-06-10 00:00:00-04:00,22.776027708673244,22.87972708637032,22.540348612517196,22.69118309020996,7782000,0.0,0.0
2016-06-13 00:00:00-04:00,22.644046131264396,22.747743702359674,22.474356908268373,22.52149200439453,8627500,0.0,0.0
2016-06-14 00:00:00-04:00,22.427223069286008,22.634620021190734,22.27638679743222,22.512065887451172,9928000,0.0,0.0
2016-06-15 00:00:00-04:00,22.615766499402312,22.700611120296756,22.427224295928216,22.58748435974121,9326800,0.0,0.0
2016-06-16 00:00:00-04:00,22.568628331289055,22.587481290412406,22.12555052725096,22.483783721923828,9399200,0.0,0.0
2016-06-17 00:00:00-04:00,22.38008630842293,22.521493403675816,22.23867921317004,22.427223205566406,13176600,0.0,0.0
2016-06-20 00:00:00-04:00,22.945714217301045,23.445354489055447,22.87029698742195,23.162538528442383,14220700,0.0,0.0
2016-06-21 00:00:00-04:00,23.13426263346974,23.351086986247424,23.04941800880213,23.285097122192383,7862300,0.0,0.0
2016-06-22 00:00:00-04:00,23.209678091908142,23.332230430281864,22.926862098748416,22.945716857910156,6673700,0.0,0.0
2016-06-23 00:00:00-04:00,23.27566396182014,23.52077039464918,23.19081935822207,23.426498413085938,9485400,0.0,0.0
2016-06-24 00:00:00-04:00,22.408366656675543,22.521491604605657,21.503358082791507,21.80502700805664,24566100,0.0,0.0
2016-06-27 00:00:00-04:00,21.635338446298686,21.795600279163438,21.02257145128794,21.41851234436035,12862200,0.0,0.0
2016-06-28 00:00:00-04:00,21.578774128572327,21.786172851864116,21.465649186857288,21.673046112060547,11995600,0.0,0.0
2016-06-29 00:00:00-04:00,21.852165756860657,22.040707952115813,21.748466380712614,21.97471809387207,9143400,0.0,0.0
2016-06-30 00:00:00-04:00,22.0218594133382,22.125557012220394,21.918160016366862,22.068994522094727,9464700,0.0,0.0
2016-07-01 00:00:00-04:00,22.087849740943735,22.578062793726698,22.068994977816118,22.417800903320312,9683400,0.0,0.0
2016-07-05 00:00:00-04:00,22.35180414295291,22.45550351845367,22.08784471162555,22.398941040039062,8677200,0.0,0.0
2016-07-06 00:00:00-04:00,22.35180283240343,22.48378433841743,21.96528928940323,22.464929580688477,9509900,0.0,0.0
2016-07-07 00:00:00-04:00,22.549772908537495,22.625190137070856,22.389511073143034,22.559200286865234,10007200,0.0,0.0
2016-07-08 00:00:00-04:00,22.644049680661375,23.247387636473448,22.57805981650555,23.200252532958984,7480200,0.0,0.0
2016-07-11 00:00:00-04:00,23.32280349304795,23.5867647320523,23.22853149354005,23.435930252075195,8652400,0.0,0.0
2016-07-12 00:00:00-04:00,23.539627633728152,23.888433489524193,23.539627633728152,23.690462112426758,9625300,0.0,0.0
2016-07-13 00:00:00-04:00,23.6810359954834,23.822443091305477,23.549054481039185,23.6810359954834,5817800,0.0,0.0
2016-07-14 00:00:00-04:00,23.992135615736714,24.755735476364748,23.944998711939288,24.58604621887207,23705900,0.0,0.0
2016-07-15 00:00:00-04:00,24.699170334665098,24.831150054931637,24.46349123528123,24.83115005493164,17603900,0.0,0.0
2016-07-18 00:00:00-04:00,24.727452478223775,25.038548840163063,24.670889993713622,24.972558975219727,12382100,0.0,0.0
2016-07-19 00:00:00-04:00,25.066827799855265,25.1893801337538,24.878283811300413,24.981983184814453,17414500,0.0,0.0
2016-07-20 00:00:00-04:00,25.085684867280495,25.585323426188033,24.89714086137156,25.44391632080078,27170100,0.0,0.0
2016-07-21 00:00:00-04:00,27.216219237699043,28.573729358489807,27.140802008766222,28.215497970581055,44959100,0.0,0.0
2016-07-22 00:00:00-04:00,28.102374143098565,28.809411411965474,28.045811665054067,28.74342155456543,20272000,0.0,0.0
2016-07-25 00:00:00-04:00,28.57373290639451,29.092227993014948,28.536025186290345,28.92253875732422,17892900,0.0,0.0
2016-07-26 00:00:00-04:00,28.80941352804876,29.6107228512394,28.80941352804876,29.601295471191406,13911700,0.0,0.0
2016-07-27 00:00:00-04:00,29.63900119409439,29.968952261145976,29.318477505882985,29.516447067260742,11859600,0.0,0.0
2016-07-28 00:00:00-04:00,29.488167450303745,29.68613701652514,29.29019608599365,29.38446807861328,8835500,0.0,0.0
2016-07-29 00:00:00-04:00,29.33733995655585,29.450464936124895,29.12994116386405,29.37504768371582,8433200,0.0,0.0
2016-08-01 00:00:00-04:00,29.50701973974891,29.59186435136944,29.346757895364426,29.459884643554688,13129900,0.0,0.0
2016-08-02 00:00:00-04:00,29.29019884160332,29.422178564834184,28.931967393652897,29.0262393951416,11913500,0.0,0.0
2016-08-03 00:00:00-04:00,29.03566363030562,29.261917142620177,28.979101151271372,29.177072525024414,7371100,0.0,0.0
2016-08-04 00:00:00-04:00,29.16765009293363,29.516454203912705,29.082805460946485,29.28077507019043,7592700,0.0,0.0
2016-08-05 00:00:00-04:00,29.365613832174393,29.64842981496143,29.346759073704177,29.59186553955078,7795600,0.0,0.0
2016-08-08 00:00:00-04:00,29.582436344864234,29.582436344864234,29.167642472507477,29.365612030029297,9527600,0.0,0.0
2016-08-09 00:00:00-04:00,29.431607056880345,29.450461817508298,29.16764760044478,29.327909469604492,7592100,0.0,0.0
2016-08-10 00:00:00-04:00,29.327913926847003,29.459893675123006,29.167652033330768,29.33734130859375,6077700,0.0,0.0
2016-08-11 00:00:00-04:00,29.403326678535294,29.695568275560028,29.24306480956903,29.41275405883789,5910400,0.0,0.0
2016-08-12 00:00:00-04:00,29.431608380665033,29.47874528435505,29.12051200866699,29.120512008666992,11809000,0.0,0.0
2016-08-15 00:00:00-04:00,29.22420813087078,29.51644970871462,28.88482965460773,29.271343231201172,7038800,0.0,0.0
2016-08-16 00:00:00-04:00,29.12993754050087,29.205354783529078,28.82826856838804,29.063947677612305,6539700,0.0,0.0
2016-08-17 00:00:00-04:00,29.111082283748537,29.129937043706256,28.743423455017354,28.856550216674805,6961500,0.0,0.0
2016-08-18 00:00:00-04:00,28.762274434004564,28.913108897660504,28.67742982343702,28.77170181274414,6023500,0.0,0.0
2016-08-19 00:00:00-04:00,28.715146281426907,28.894262935826116,28.62087606151182,28.875408172607422,7840700,0.0,0.0
2016-08-22 00:00:00-04:00,28.715138161263166,28.884827386067737,28.63029534694956,28.86597442626953,6240700,0.0,0.0
2016-08-23 00:00:00-04:00,28.922540020340783,29.195926846823077,28.894257880461012,28.91311264038086,5594500,0.0,0.0
2016-08-24 00:00:00-04:00,28.979099110401236,29.53530187631864,28.969671731544658,29.459884643554688,14752000,0.0,0.0
2016-08-25 00:00:00-04:00,29.299620885443748,29.648426687999937,29.280766128962107,29.544727325439453,7459800,0.0,0.0
2016-08-26 00:00:00-04:00,29.544729203781273,29.818115997791793,29.309050127042806,29.516447067260742,7750400,0.0,0.0
2016-08-29 00:00:00-04:00,29.459888366649267,29.69556747358246,29.356188984210217,29.601295471191406,5108800,0.0,0.0
2016-08-30 00:00:00-04:00,29.657856571464453,30.195204622539855,29.563586371554866,29.95009994506836,9800100,0.0,0.0
2016-08-31 00:00:00-04:00,29.846398493679683,30.383746507419172,29.780408639092542,30.31775665283203,12641800,0.0,0.0
2016-09-01 00:00:00-04:00,30.30833496968273,30.393179593088444,30.05379930137667,30.289480209350586,6808400,0.0,0.0
2016-09-02 00:00:00-04:00,30.44973625808717,30.63828024034012,30.270621452844413,30.43088150024414,6760600,0.0,0.0
2016-09-06 00:00:00-04:00,30.355468606981972,30.789117285152855,30.308333506516032,30.553438186645508,8436800,0.0,0.0
2016-09-07 00:00:00-04:00,30.591150113630363,30.855109573960682,30.440315622559048,30.6477108001709,9422600,0.0,0.0
2016-09-08 00:00:00-04:00,30.638285893238177,30.930529299459305,30.525160921485295,30.82682991027832,7148500,0.0,0.0
2016-09-09 00:00:00-04:00,30.562863323264335,30.723126977928228,30.034944451848208,30.06322479248047,13068800,0.0,0.0
2016-09-12 00:00:00-04:00,29.85582586049681,30.704270187008408,29.742699111187214,30.628854751586914,8538900,0.0,0.0
2016-09-13 00:00:00-04:00,30.31775610165874,30.440310227739992,29.89353304689848,30.082077026367188,9453200,0.0,0.0
2016-09-14 00:00:00-04:00,30.232914057715124,30.28947833521167,29.8841100035971,29.97838020324707,7552100,0.0,0.0
2016-09-15 00:00:00-04:00,29.921819559462783,30.1480712890625,29.535305963302154,30.1480712890625,7486700,0.0,0.0
2016-09-16 00:00:00-04:00,29.893535667416035,30.053797524586663,29.81811842863508,29.95009994506836,10979900,0.0,0.0
2016-09-19 00:00:00-04:00,29.987810268698944,30.129217378927883,29.62957880291303,29.761558532714844,5870500,0.0,0.0
2016-09-20 00:00:00-04:00,29.931246013179194,29.978381114436846,29.441033048508636,29.563587188720703,6440200,0.0,0.0
2016-09-21 00:00:00-04:00,29.752124028207135,30.185774433573407,29.69556155727711,30.13863754272461,10875800,0.0,0.0
2016-09-22 00:00:00-04:00,30.185776840639456,30.48744577377323,30.185776840639456,30.43088150024414,5313600,0.0,0.0
2016-09-23 00:00:00-04:00,30.430885467188837,30.52515926869344,30.2329158782959,30.2329158782959,5515400,0.0,0.0
2016-09-26 00:00:00-04:00,30.05379882497418,30.1763511690126,29.78041199684744,29.8558292388916,6223700,0.0,0.0
2016-09-27 00:00:00-04:00,29.978381484879534,30.2611956920979,29.86525652122774,30.110363006591797,5914100,0.0,0.0
2016-09-28 00:00:00-04:00,30.119790419229673,30.148070761128842,29.85582917360787,30.0255184173584,6116100,0.0,0.0
2016-09-29 00:00:00-04:00,31.147355087021563,31.288760409144885,30.346043876943348,30.449743270874023,16921000,0.0,0.0
2016-09-30 00:00:00-04:00,30.628853971280744,31.12849245627349,30.60057003706306,31.01536750793457,11959900,0.0,0.0
2016-10-03 00:00:00-04:00,29.507023544935105,30.779692883364795,29.507023544935105,30.6854190826416,12565800,0.0,0.0
2016-10-04 00:00:00-04:00,30.83624474389435,31.137913627531074,30.562856194293335,30.694839477539062,6656500,0.0,0.0
2016-10-05 00:00:00-04:00,30.54401153347655,30.610001391049334,30.242342585664524,30.308332443237305,8807300,0.0,0.0
2016-10-06 00:00:00-04:00,30.280051031095606,30.36489565450132,30.034946339133445,30.289480209350586,5676700,0.0,0.0
2016-10-07 00:00:00-04:00,30.40260346446164,30.40260346446164,29.2619174998854,29.808692932128906,10113900,0.0,0.0
2016-10-10 00:00:00-04:00,30.176351715830723,30.40260524415196,30.06322674975902,30.11979103088379,9297200,0.0,0.0
2016-10-11 00:00:00-04:00,30.129214170171704,30.14806892901792,29.356187038364386,29.657855987548828,9241200,0.0,0.0
2016-10-12 00:00:00-04:00,29.488165431576835,29.799261727262223,29.488165431576835,29.6955623626709,6354200,0.0,0.0
2016-10-13 00:00:00-04:00,29.96895736724137,30.006665090938043,29.299627740257986,29.70499610900879,10798700,0.0,0.0
2016-10-14 00:00:00-04:00,29.997234933553454,30.39317768329315,29.78983797719872,30.06322479248047,14391900,0.0,0.0
2016-10-17 00:00:00-04:00,30.534583668472543,30.534583668472543,29.582439887209457,29.987808227539062,11429800,0.0,0.0
2016-10-18 00:00:00-04:00,30.21406259533611,30.51573158254555,29.761559114521948,29.82754898071289,12512200,0.0,0.0
2016-10-19 00:00:00-04:00,30.08207935352783,30.770261875075953,29.9029627389849,30.657136917114258,23765800,0.0,0.0
2016-10-20 00:00:00-04:00,27.81013126791097,28.130654958574663,27.103094032286116,27.357627868652344,52625200,0.0,0.0
2016-10-21 00:00:00-04:00,27.395339965820312,27.51789411318396,26.961691255060234,27.395339965820312,24223500,0.0,0.0
2016-10-24 00:00:00-04:00,27.58388452547789,28.0081058642379,27.480185136895027,27.546175003051758,16402300,0.0,0.0
2016-10-25 00:00:00-04:00,27.527318929208807,27.706433746225112,27.282212455404142,27.385910034179688,10293300,0.0,0.0
2016-10-26 00:00:00-04:00,27.338773777331273,27.38590887495325,27.121949451328213,27.169084548950195,8944500,0.0,0.0
2016-10-27 00:00:00-04:00,27.310494827054736,27.40476683138901,26.98997109117156,27.15966033935547,11797800,0.0,0.0
2016-10-28 00:00:00-04:00,27.20679547145693,27.43304718829391,26.839134858269126,26.961688995361328,10716800,0.0,0.0
2016-10-31 00:00:00-04:00,27.121950882491113,27.121950882491113,26.810854546739538,26.87684440612793,8703400,0.0,0.0
2016-11-01 00:00:00-04:00,26.87684567744684,27.05596230289414,26.48090470429901,26.754291534423828,8536900,0.0,0.0
2016-11-02 00:00:00-04:00,26.622310020758796,26.87684387170035,26.49975768405848,26.641164779663086,8841100,0.0,0.0
2016-11-03 00:00:00-04:00,26.556324668136288,26.820285943312737,26.414917548541045,26.452625274658203,6215700,0.0,0.0
2016-11-04 00:00:00-04:00,26.490331740108225,26.66944836322767,26.33949725687781,26.34892463684082,7293700,0.0,0.0
2016-11-07 00:00:00-05:00,26.71657880884217,26.744860943802244,26.471472366787182,26.62230682373047,9122700,0.0,0.0
2016-11-08 00:00:00-05:00,26.480907504885757,26.631742006028528,26.04725696553348,26.424345016479492,14234400,0.0,0.0
2016-11-09 00:00:00-05:00,25.773861988704198,26.839130542266847,25.764434610590907,26.669443130493164,11695600,0.0,0.0
2016-11-10 00:00:00-05:00,26.763716494230508,27.103094954263597,26.22636846457061,26.546892166137695,12155300,0.0,0.0
2016-11-11 00:00:00-05:00,26.367777214230486,27.121951417475426,26.34892425266822,26.99939727783203,9603100,0.0,0.0
2016-11-14 00:00:00-05:00,26.98996632297665,27.093665689233145,26.264076153446993,26.292356491088867,12413800,0.0,0.0
2016-11-15 00:00:00-05:00,26.424343456577503,27.12195343270324,26.424343456577503,26.85799217224121,9482800,0.0,0.0
2016-11-16 00:00:00-05:00,26.7637177075346,27.23507590202074,26.68830046834037,26.707155227661133,10594100,0.0,0.0
2016-11-17 00:00:00-05:00,26.74486644596868,27.263359773618735,26.726011685449677,27.216224670410156,8908400,0.0,0.0
2016-11-18 00:00:00-05:00,27.187940682703335,27.29164006042442,26.933406827254558,27.046533584594727,11668700,0.0,0.0
2016-11-21 00:00:00-05:00,27.084241774900622,27.47075535554503,27.02767929429357,27.338775634765625,7376100,0.0,0.0
2016-11-22 00:00:00-05:00,27.75357322940286,27.75357322940286,27.272787616545624,27.395339965820312,7369200,0.0,0.0
2016-11-23 00:00:00-05:00,27.329345725995296,27.40476295918873,27.008822035401035,27.2445011138916,6033400,0.0,0.0
2016-11-25 00:00:00-05:00,27.2822157620164,27.329350867346363,27.103099125202313,27.291643142700195,3076000,0.0,0.0
2016-11-28 00:00:00-05:00,27.187938759933125,27.235073856606263,26.895697204764577,26.93340492248535,7245300,0.0,0.0
2016-11-29 00:00:00-05:00,26.92397950623712,27.159658602960704,26.86741702648833,26.87684440612793,7281600,0.0,0.0
2016-11-30 00:00:00-05:00,26.87684596928622,26.952263212700483,26.207516360656832,26.216943740844727,13777100,0.0,0.0
2016-12-01 00:00:00-05:00,26.32064138118228,26.405485999163812,25.71730347383697,25.821001052856445,9774900,0.0,0.0
2016-12-02 00:00:00-05:00,26.141523144717258,27.178511457233817,26.103815426890687,26.7919979095459,14437500,0.0,0.0
2016-12-05 00:00:00-05:00,26.914551563477286,27.244502651604652,26.697727230569416,26.726009368896484,10802900,0.0,0.0
2016-12-06 00:00:00-05:00,26.67887500519858,26.763719630148135,26.424342928438854,26.594030380249023,10387500,0.0,0.0
2016-12-07 00:00:00-05:00,26.528037127702017,27.329346373162934,26.528037127702017,27.253929138183594,10286900,0.0,0.0
2016-12-08 00:00:00-05:00,27.301067816184705,28.158941448953243,27.253932712424312,27.734718322753906,12263200,0.0,0.0
2016-12-09 00:00:00-05:00,27.913835268399843,28.385193503675282,27.734718635530268,28.253211975097656,13549000,0.0,0.0
2016-12-12 00:00:00-05:00,28.30034874333888,28.715142693791137,28.13065949174979,28.479463577270508,14940100,0.0,0.0
2016-12-13 00:00:00-05:00,28.62087077922529,28.77170526095835,28.10237567494015,28.11180305480957,11664300,0.0,0.0
2016-12-14 00:00:00-05:00,28.140085194417843,28.432326778014538,27.942113813337667,28.11180305480957,9624800,0.0,0.0
2016-12-15 00:00:00-05:00,28.15893998580759,28.25321018843007,27.951541224624872,28.026958465576172,10140600,0.0,0.0
2016-12-16 00:00:00-05:00,28.026954750855623,28.20607134865799,27.866692910314267,27.913829803466797,14682000,0.0,0.0
2016-12-19 00:00:00-05:00,27.998676975100956,28.092947173855062,27.640443746715718,27.697006225585938,7814500,0.0,0.0
2016-12-20 00:00:00-05:00,27.838417156190015,27.90440701938036,27.348204175220413,27.58388328552246,11236900,0.0,0.0
2016-12-21 00:00:00-05:00,27.470753340523007,27.706432423535286,27.42361824315603,27.678152084350586,8634800,0.0,0.0
2016-12-22 00:00:00-05:00,27.60274047282777,27.998681484871433,27.536748805746264,27.84784698486328,8865100,0.0,0.0
2016-12-23 00:00:00-05:00,28.111805047503545,28.111805047503545,27.73471881644129,28.083524703979492,8132700,0.0,0.0
2016-12-27 00:00:00-05:00,28.1212264907573,28.630294143777732,28.10237173366278,28.507740020751953,7513400,0.0,0.0
2016-12-28 00:00:00-05:00,28.507744604754564,28.517171984817733,28.215503015151903,28.29092025756836,8118900,0.0,0.0
2016-12-29 00:00:00-05:00,28.300343792472844,28.479458595070103,28.121227191786936,28.26263427734375,7119600,0.0,0.0
2016-12-30 00:00:00-05:00,28.639725150664095,28.639725150664095,27.876125324541217,27.9892520904541,8189700,0.0,0.0
2017-01-03 00:00:00-05:00,28.12122790967335,28.460606362144365,27.942111304414908,28.13065528869629,7664800,0.0,0.0
2017-01-04 00:00:00-05:00,28.196643899332056,28.290915887312128,27.819557745500376,28.05523681640625,9538800,0.0,0.0
2017-01-05 00:00:00-05:00,28.02695901006631,28.35691011992165,27.91383404548607,28.29092025756836,9062200,0.0,0.0
2017-01-06 00:00:00-05:00,28.253209600500842,29.375042609634622,28.074094780774296,29.271343231201172,13351400,0.0,0.0
2017-01-09 00:00:00-05:00,29.22421215026359,29.252494293204943,28.847125901490905,28.98853302001953,10532200,0.0,0.0
2017-01-10 00:00:00-05:00,28.913114764044074,28.960249869216884,28.13066015078798,28.517173767089844,13833100,0.0,0.0
2017-01-11 00:00:00-05:00,28.564305612371687,28.677432369200492,28.290918797009347,28.668004989624023,8169000,0.0,0.0
2017-01-12 00:00:00-05:00,29.035661923522657,29.035661923522657,28.385188957643162,28.611440658569336,7890400,0.0,0.0
2017-01-13 00:00:00-05:00,28.47946110530614,28.611442621802436,28.130657050060968,28.554880142211914,7822800,0.0,0.0
2017-01-17 00:00:00-05:00,28.592587862575993,28.93196633629675,28.385190905351536,28.554880142211914,7447100,0.0,0.0
2017-01-18 00:00:00-05:00,28.55487494355087,28.73398972932627,28.413466073186054,28.649145126342773,9523600,0.0,0.0
2017-01-19 00:00:00-05:00,28.526598360687807,29.073373798481768,28.460608500657493,28.960247039794922,14112400,0.0,0.0
2017-01-20 00:00:00-05:00,29.073372557908097,29.186497513679022,28.771703611733958,28.884828567504883,8496300,0.0,0.0
2017-01-23 00:00:00-05:00,28.884828133112915,28.894255512300173,28.338052726872927,28.53602409362793,9341100,0.0,0.0
2017-01-24 00:00:00-05:00,28.56430385820412,28.592585995196682,27.998675503062408,28.272062301635742,16925400,0.0,0.0
2017-01-25 00:00:00-05:00,28.517170570348355,28.75284966597107,28.385190852188053,28.498315811157227,20148200,0.0,0.0
2017-01-26 00:00:00-05:00,30.515730254857054,30.968233715983544,29.742703059243734,29.92181968688965,32044400,0.0,0.0
2017-01-27 00:00:00-05:00,30.11979187951026,30.74198460470168,29.56358901940142,30.6477108001709,17406700,0.0,0.0
2017-01-30 00:00:00-05:00,30.383748955403476,30.430884055880863,29.9783806181782,30.327184677124023,11247700,0.0,0.0
2017-01-31 00:00:00-05:00,30.063226759176615,30.166926143182256,29.723850062766278,30.006664276123047,9469100,0.0,0.0
2017-02-01 00:00:00-05:00,30.07264769224321,30.393173155734708,30.006657843146456,30.33660888671875,9700200,0.0,0.0
2017-02-02 00:00:00-05:00,30.223483946252443,30.36488922453324,30.04436735720408,30.13863754272461,6028600,0.0,0.0
2017-02-03 00:00:00-05:00,30.27062539889774,30.355470022162972,30.082081392066353,30.2329158782959,5423500,0.0,0.0
2017-02-06 00:00:00-05:00,30.176349022435893,30.393176949305573,30.044371105857895,30.19520378112793,5339800,0.0,0.0
2017-02-07 00:00:00-05:00,30.11978702032013,30.60999993626091,29.978378134426254,30.572290420532227,8136000,0.0,0.0
2017-02-08 00:00:00-05:00,30.591145498985753,31.496152308894253,30.43088185354801,31.345317840576172,17081200,0.0,0.0
2017-02-09 00:00:00-05:00,31.38303628932054,31.439596983427943,31.090792850444775,31.2227725982666,10465600,0.0,0.0
2017-02-10 00:00:00-05:00,31.213341184399223,31.901523738197003,31.166206082721136,31.703554153442383,13492300,0.0,0.0
2017-02-13 00:00:00-05:00,31.6941236290145,32.137201477557355,31.63756294787462,31.854387283325195,10744500,0.0,0.0
2017-02-14 00:00:00-05:00,31.6846993935356,32.01464870145996,31.64698987372203,31.703554153442383,7615600,0.0,0.0
2017-02-15 00:00:00-05:00,31.69412402025601,32.19376615228406,31.580999060402217,32.06178283691406,7994500,0.0,0.0
2017-02-16 00:00:00-05:00,31.9015276195617,32.193771039406634,31.543294330103098,31.61871337890625,8891800,0.0,0.0
2017-02-17 00:00:00-05:00,31.590429796573808,31.95809226940076,31.55272386792185,31.826108932495117,7797300,0.0,0.0
2017-02-21 00:00:00-05:00,31.82610187065791,32.269179698653254,31.82610187065791,31.97693634033203,7237500,0.0,0.0
2017-02-22 00:00:00-05:00,31.97693391463531,32.18433264327096,31.703548931461313,31.88266372680664,7068200,0.0,0.0
2017-02-23 00:00:00-05:00,31.844953570127128,31.98636244519167,31.61870368543635,31.675264358520508,6528400,0.0,0.0
2017-02-24 00:00:00-05:00,31.628137443135426,32.11835044828135,31.467877366391686,32.108924865722656,8098700,0.0,0.0
2017-02-27 00:00:00-05:00,32.09950552894474,32.344613904758845,31.88268110183479,32.31632995605469,7372800,0.0,0.0
2017-02-28 00:00:00-05:00,32.20319645078741,32.316321427211044,31.948662556700615,31.958091735839844,8105300,0.0,0.0
2017-03-01 00:00:00-05:00,32.15605411361187,32.45772304703265,32.146624936592715,32.306888580322266,5736100,0.0,0.0
2017-03-02 00:00:00-05:00,32.23147156494673,32.36345487822902,31.807252073160896,31.967512130737305,4697900,0.0,0.0
2017-03-03 00:00:00-05:00,31.920375930726745,31.929801511833162,31.47729809899872,31.8072509765625,6555700,0.0,0.0
2017-03-06 00:00:00-05:00,31.741262521683737,31.826107149709845,31.373603665629954,31.712982177734375,7728500,0.0,0.0
2017-03-07 00:00:00-05:00,31.77896519671258,31.89209374048928,31.486725449065887,31.552715301513672,6945500,0.0,0.0
2017-03-08 00:00:00-05:00,31.628138377656544,31.628138377656544,31.269905094815524,31.411314010620117,7871900,0.0,0.0
2017-03-09 00:00:00-05:00,31.364175829204548,31.43959127304282,31.128496723421083,31.27933120727539,5545400,0.0,0.0
2017-03-10 00:00:00-05:00,31.524432753661014,31.543287511786204,31.17562871878849,31.232192993164062,4977300,0.0,0.0
2017-03-13 00:00:00-04:00,31.232193771213154,31.317038386801443,30.86453496905641,30.930524826049805,10865400,0.0,0.0
2017-03-14 00:00:00-04:00,30.96822814152237,31.06250192656504,30.713697912350135,30.977657318115234,6829700,0.0,0.0
2017-03-15 00:00:00-04:00,31.12850127288571,31.269906599315675,30.694852517948558,31.00594711303711,9777800,0.0,0.0
2017-03-16 00:00:00-04:00,30.90224187287913,31.298184623609473,30.89281629137066,31.20391082763672,6925800,0.0,0.0
2017-03-17 00:00:00-04:00,31.39245470399042,31.901522411774003,31.260474986308218,31.769542694091797,15941300,0.0,0.0
2017-03-20 00:00:00-04:00,31.750691090866813,32.08064041786803,31.53386673366916,31.873245239257812,7319600,0.0,0.0
2017-03-21 00:00:00-04:00,31.97693794403295,32.042931399241404,31.15677569880842,31.288755416870117,8918500,0.0,0.0
2017-03-22 00:00:00-04:00,31.35474766589168,31.741261268038734,31.269903041216576,31.609281539916992,5486100,0.0,0.0
2017-03-23 00:00:00-04:00,31.5338636566639,31.844958192312276,31.420738697898816,31.599853515625,4833900,0.0,0.0
2017-03-24 00:00:00-04:00,31.731833345766983,31.741258927290072,31.317039431376358,31.48672866821289,4317800,0.0,0.0
2017-03-27 00:00:00-04:00,31.260476963747433,31.571575114686794,30.958807991054737,31.515010833740234,4994400,0.0,0.0
2017-03-28 00:00:00-04:00,31.4867309901913,31.731835685820556,31.392457187120144,31.609281539916992,4609700,0.0,0.0
2017-03-29 00:00:00-04:00,31.694124357280295,31.844958837415152,31.515009535925678,31.722408294677734,7242700,0.0,0.0
2017-03-30 00:00:00-04:00,31.722407594373525,31.863812893528348,31.618708217286766,31.769542694091797,4993400,0.0,0.0
2017-03-31 00:00:00-04:00,31.5809942507955,32.005217280862496,31.533859157716297,31.646984100341797,10223000,0.0,0.0
2017-04-03 00:00:00-04:00,31.45845005584639,31.967517852519194,31.411314947897775,31.826108932495117,9828700,0.0,0.0
2017-04-04 00:00:00-04:00,31.826104373749548,32.2974625780752,31.74125975312382,32.1843376159668,8679900,0.0,0.0
2017-04-05 00:00:00-04:00,32.25975884924979,32.74997184663585,31.84496129967346,31.873245239257812,11241900,0.0,0.0
2017-04-06 00:00:00-04:00,32.061777163229635,32.35402048699537,31.90151713147801,32.20318603515625,8854900,0.0,0.0
2017-04-07 00:00:00-04:00,32.156056124963,32.25975550159601,31.8638127541043,31.967512130737305,6644500,0.0,0.0
2017-04-10 00:00:00-04:00,32.05236058183651,32.39173909279738,31.986370715391676,32.108924865722656,6268100,0.0,0.0
2017-04-11 00:00:00-04:00,32.13720462631258,32.184339730606574,31.78840053912354,32.04293441772461,5165100,0.0,0.0
2017-04-12 00:00:00-04:00,31.939229792476777,32.64626702946498,31.939229792476777,32.306888580322266,10457200,0.0,0.0
2017-04-13 00:00:00-04:00,32.24089878315171,32.71225694198089,32.14662499367945,32.36345291137695,7783100,0.0,0.0
2017-04-17 00:00:00-04:00,32.38230702168378,32.4671516418457,32.1372023390925,32.4671516418457,6952000,0.0,0.0
2017-04-18 00:00:00-04:00,32.156053564694766,32.401158220348606,31.873239393962713,32.07120895385742,7487000,0.0,0.0
2017-04-19 00:00:00-04:00,32.24090261513455,32.372882339904756,31.844959844646148,31.91094970703125,15164000,0.0,0.0
2017-04-20 00:00:00-04:00,30.977659242409047,31.147348469849547,30.46859156008754,30.666561126708984,28093800,0.0,0.0
2017-04-21 00:00:00-04:00,30.81739258673467,30.81739258673467,30.110357204920515,30.33660888671875,14339200,0.0,0.0
2017-04-24 00:00:00-04:00,30.38374523288558,30.69484333104136,30.063221554260174,30.21405601501465,16587800,0.0,0.0
2017-04-25 00:00:00-04:00,30.270622659938407,30.9493795846447,30.14806852716033,30.930524826049805,14449300,0.0,0.0
2017-04-26 00:00:00-04:00,30.911671079424856,31.232194793676243,30.75140742421036,31.11906623840332,11191500,0.0,0.0
2017-04-27 00:00:00-04:00,31.12849302963271,31.222763222288645,30.921094290376857,31.166202545166016,8396400,0.0,0.0
2017-04-28 00:00:00-04:00,31.11906678662528,31.533864304244883,31.005941825537057,31.49615478515625,10127600,0.0,0.0
2017-05-01 00:00:00-04:00,31.543289379022948,31.65641793447085,31.288755523531588,31.401884078979492,6931700,0.0,0.0
2017-05-02 00:00:00-04:00,31.477302428956143,31.62813692064946,31.420741742182365,31.59042739868164,6573300,0.0,0.0
2017-05-03 00:00:00-04:00,31.67526573085041,31.67526573085041,31.24161710292438,31.3547420501709,5661500,0.0,0.0
2017-05-04 00:00:00-04:00,31.48673160753707,31.74126189037496,31.354748280649712,31.59042739868164,6990300,0.0,0.0
2017-05-05 00:00:00-04:00,31.646991145976042,31.778970874451563,31.524436999743966,31.58100128173828,8548200,0.0,0.0
2017-05-08 00:00:00-04:00,31.599847292799524,31.78839125106389,31.298178398047295,31.335887908935547,9140300,0.0,0.0
2017-05-09 00:00:00-04:00,31.335893413707595,31.929802131733407,31.19448452112382,31.78839683532715,9298100,0.0,0.0
2017-05-10 00:00:00-04:00,31.741256804687804,32.20318938433635,31.741256804687804,31.93922996520996,8130800,0.0,0.0
2017-05-11 00:00:00-04:00,31.769546185520305,32.21262048697844,31.731836663130423,32.16548538208008,5595900,0.0,0.0
2017-05-12 00:00:00-04:00,32.231475956142475,32.316320585294335,32.05236111512325,32.118350982666016,5118200,0.0,0.0
2017-05-15 00:00:00-04:00,32.2220458984375,32.40116071458131,31.976937627738,32.2220458984375,4753800,0.0,0.0
2017-05-16 00:00:00-04:00,32.20319281791069,32.872520614161985,32.19376723601293,32.81595993041992,6408900,0.0,0.0
2017-05-17 00:00:00-04:00,32.5802775068637,32.61798342679231,31.637561181278055,31.656415939331055,10453200,0.0,0.0
2017-05-18 00:00:00-04:00,31.712980236785832,31.967514105285762,31.10021671292553,31.79782485961914,11999800,0.0,0.0
2017-05-19 00:00:00-04:00,31.958085422020538,32.25032518639323,31.67526764256929,31.8920955657959,8489200,0.0,0.0
2017-05-22 00:00:00-04:00,31.92038536071777,32.080645460113395,31.72241573340135,31.920385360717773,6508200,0.0,0.0
2017-05-23 00:00:00-04:00,32.28804000395027,32.86309764218284,32.28804000395027,32.627418518066406,11322200,0.0,0.0
2017-05-24 00:00:00-04:00,32.63684204073508,32.985649711659484,32.46715279438749,32.82538604736328,9393300,0.0,0.0
2017-05-25 00:00:00-04:00,32.88195652335896,33.27789577531542,32.86310175952601,33.20248031616211,8498700,0.0,0.0
2017-05-26 00:00:00-04:00,33.240181337326256,33.240181337326256,32.6745528906078,32.90080642700195,6622500,0.0,0.0
2017-05-30 00:00:00-04:00,32.78767530073919,32.834813997766894,32.4011617198847,32.6368408203125,7254300,0.0,0.0
2017-05-31 00:00:00-04:00,32.91965388785146,32.91965388785146,32.1466267527652,32.33517074584961,9762200,0.0,0.0
2017-06-01 00:00:00-04:00,32.46715476585405,32.89137790748266,32.240904821104145,32.7971076965332,6665300,0.0,0.0
2017-06-02 00:00:00-04:00,32.91965350382583,33.40986644165566,32.627413734322815,33.2967414855957,6860300,0.0,0.0
2017-06-05 00:00:00-04:00,33.95664675780538,33.95664675780538,33.36273439092149,33.51356887817383,6050100,0.0,0.0
2017-06-06 00:00:00-04:00,33.3815880338397,33.75867603743575,33.325023754446974,33.43815231323242,5527300,0.0,0.0
2017-06-07 00:00:00-04:00,33.607837575203234,33.81523271606021,33.52299296425079,33.72096252441406,5328300,0.0,0.0
2017-06-08 00:00:00-04:00,34.00378475864999,34.239463889827874,33.81524073447206,34.06977462768555,8946500,0.0,0.0
2017-06-09 00:00:00-04:00,34.173462801950926,34.40914185575749,32.702824211574296,32.93850326538086,11051900,0.0,0.0
2017-06-12 00:00:00-04:00,32.71226086526865,32.778250727724924,32.03350388437233,32.19376754760742,12833200,0.0,0.0
2017-06-13 00:00:00-04:00,32.25032858020397,32.570852313958056,32.127778032134636,32.48600769042969,7569100,0.0,0.0
2017-06-14 00:00:00-04:00,32.64626245433844,32.74053263425468,32.156049607184954,32.52370834350586,6534100,0.0,0.0
2017-06-15 00:00:00-04:00,32.29745944963758,32.32574338455829,31.948655419152658,32.13719940185547,6296600,0.0,0.0
2017-06-16 00:00:00-04:00,31.97693510779335,32.35402306553264,31.967509527129643,32.014644622802734,9987700,0.0,0.0
2017-06-19 00:00:00-04:00,32.16548513085441,32.98565105362752,32.05236016074631,32.90080642700195,5840700,0.0,0.0
2017-06-20 00:00:00-04:00,32.74996615903734,33.31559450600198,32.74996615903734,32.929080963134766,10636800,0.0,0.0
2017-06-21 00:00:00-04:00,32.995072646197514,33.10819760262619,32.759393555867526,32.95736312866211,5418900,0.0,0.0
2017-06-22 00:00:00-04:00,32.98564572579629,33.25903072638564,32.844236838868014,33.10819625854492,5633900,0.0,0.0
2017-06-23 00:00:00-04:00,33.10819425838436,33.692680932611836,32.95735979965598,33.53241729736328,24063300,0.0,0.0
2017-06-26 00:00:00-04:00,33.834094193910396,33.90951323914923,32.99507709460743,33.07992172241211,6844400,0.0,0.0
2017-06-27 00:00:00-04:00,32.995073347417076,33.296742301756396,32.85366445174282,32.91022872924805,8623300,0.0,0.0
2017-06-28 00:00:00-04:00,32.99507957008763,33.30617776077118,32.636846270682476,33.287322998046875,4806500,0.0,0.0
2017-06-29 00:00:00-04:00,33.2778850231145,33.2778850231145,32.13719915111934,32.533138275146484,8277000,0.0,0.0
2017-06-30 00:00:00-04:00,32.78768272485063,33.0610714063329,32.54257798722486,32.91966247558594,10845500,0.0,0.0
2017-07-03 00:00:00-04:00,33.13648164912169,33.28731612358765,32.57084967274119,32.617984771728516,4517400,0.0,0.0
2017-07-05 00:00:00-04:00,32.74054283099155,32.86309697999248,32.5331440551712,32.731117248535156,7540700,0.0,0.0
2017-07-06 00:00:00-04:00,32.42002122992852,32.52372062470013,32.005227247020265,32.08064270019531,8600400,0.0,0.0
2017-07-07 00:00:00-04:00,32.071214518305815,32.57085309316043,32.06178533981163,32.26918411254883,6896600,0.0,0.0
2017-07-10 00:00:00-04:00,32.34460843851564,33.12706136096653,32.31632449459148,33.03279113769531,8736400,0.0,0.0
2017-07-11 00:00:00-04:00,32.966791557165095,33.419294968776974,32.891372523807725,33.17418670654297,8455900,0.0,0.0
2017-07-12 00:00:00-04:00,33.49471010214645,34.1263319141643,33.49471010214645,33.966068267822266,13437500,0.0,0.0
2017-07-13 00:00:00-04:00,34.512848551027886,35.00306151868865,34.18289564785624,34.409149169921875,12906200,0.0,0.0
2017-07-14 00:00:00-04:00,34.79566892809509,35.06905760019614,34.720253471482124,34.9559326171875,9710400,0.0,0.0
2017-07-17 00:00:00-04:00,34.90877662431284,35.040756305163114,34.47512807404008,34.92763137817383,8186400,0.0,0.0
2017-07-18 00:00:00-04:00,34.823942917915204,34.823942917915204,34.47513885287313,34.69196319580078,12773500,0.0,0.0
2017-07-19 00:00:00-04:00,34.83337845449076,35.125618293611275,34.55056419887998,34.9559326171875,8817600,0.0,0.0
2017-07-20 00:00:00-04:00,35.04076460936772,35.33300796920589,34.88050455783473,35.050193786621094,17538300,0.0,0.0
2017-07-21 00:00:00-04:00,34.12633432112244,34.786236518847495,33.984925422975046,34.512847900390625,22222100,0.0,0.0
2017-07-24 00:00:00-04:00,34.362006540056406,34.62596592782106,34.14518224351015,34.296016693115234,13039800,0.0,0.0
2017-07-25 00:00:00-04:00,34.24889298523618,34.39972748497428,33.99435909264473,34.239463806152344,6499000,0.0,0.0
2017-07-26 00:00:00-04:00,34.277169258537256,34.94649704685823,34.277169258537256,34.918216705322266,11305100,0.0,0.0
2017-07-27 00:00:00-04:00,34.96535008881506,35.13503932204968,33.50414044367471,34.09804916381836,15288200,0.0,0.0
2017-07-28 00:00:00-04:00,34.01321655975558,34.13576712816694,33.68326359296436,33.88123321533203,7654600,0.0,0.0
2017-07-31 00:00:00-04:00,34.022636551305474,34.06034607208553,33.60784261125835,33.683258056640625,6228000,0.0,0.0
2017-08-01 00:00:00-04:00,33.768102611613806,33.95664661895271,33.70211274847186,33.85294723510742,4685400,0.0,0.0
2017-08-02 00:00:00-04:00,33.64554793568914,33.89065622020942,33.3910140692309,33.84352111816406,6484200,0.0,0.0
2017-08-03 00:00:00-04:00,33.9095064450981,33.918932025775455,33.53241848681266,33.664398193359375,5726300,0.0,0.0
2017-08-04 00:00:00-04:00,33.80580901867808,33.80580901867808,33.51356565441058,33.57955551147461,5182500,0.0,0.0
2017-08-07 00:00:00-04:00,33.57013422501102,34.07920198421269,33.35330986746467,34.0414924621582,5380200,0.0,0.0
2017-08-08 00:00:00-04:00,33.900080282115496,34.54112771048642,33.834090422975336,34.27716827392578,9655700,0.0,0.0
2017-08-09 00:00:00-04:00,34.060341578601346,34.15461177193686,33.67382803204198,34.013206481933594,7888100,0.0,0.0
2017-08-10 00:00:00-04:00,33.89064817003326,33.91892850530738,32.88194212191785,32.98564147949219,12533800,0.0,0.0
2017-08-11 00:00:00-04:00,33.14590900627859,33.29674348882568,32.768821001822,33.04220962524414,7746800,0.0,0.0
2017-08-14 00:00:00-04:00,33.40986655104428,33.419295728517035,32.881947690250996,33.183616638183594,7192500,0.0,0.0
2017-08-15 00:00:00-04:00,33.221325456500814,33.39101108948614,33.108196906273996,33.230751037597656,4588500,0.0,0.0
2017-08-16 00:00:00-04:00,33.21189943977736,33.447578547578374,33.061064954631824,33.33445358276367,3976900,0.0,0.0
2017-08-17 00:00:00-04:00,33.466427597699486,33.466427597699486,32.80652548921364,32.853660583496094,6698900,0.0,0.0
2017-08-18 00:00:00-04:00,32.834812645281346,33.12705241622058,32.759393610085716,32.78767395019531,8746600,0.0,0.0
2017-08-21 00:00:00-04:00,33.11762331314795,33.11762331314795,32.13719753692945,32.27860641479492,8190500,0.0,0.0
2017-08-22 00:00:00-04:00,32.40116240336342,32.81595993041992,32.34460171962136,32.81595993041992,6177700,0.0,0.0
2017-08-23 00:00:00-04:00,32.63683505095849,32.97621347096957,32.533135689713205,32.8913688659668,6326600,0.0,0.0
2017-08-24 00:00:00-04:00,32.863091805598685,33.03278103251944,32.533138932729486,32.8819465637207,5778100,0.0,0.0
2017-08-25 00:00:00-04:00,32.976223200793974,33.06106783083064,32.580283991408265,32.69340896606445,6885100,0.0,0.0
2017-08-28 00:00:00-04:00,32.7593956505001,32.90080455221077,32.67455102870925,32.81595993041992,5075300,0.0,0.0
2017-08-29 00:00:00-04:00,32.50485970724648,33.296741594613934,32.44829543094255,33.183616638183594,7118300,0.0,0.0
2017-08-30 00:00:00-04:00,33.12705267507261,33.900079810980515,33.08934315718014,33.645545959472656,8288900,0.0,0.0
2017-08-31 00:00:00-04:00,33.79638165742648,34.23945951824719,33.76810131607288,34.06034469604492,8591100,0.0,0.0
2017-09-01 00:00:00-04:00,34.12633304560065,34.48456627032094,34.06976876922034,34.267738342285156,5122900,0.0,0.0
2017-09-05 00:00:00-04:00,34.11689896843078,34.39028753740676,33.72095987916378,34.02262878417969,6315000,0.0,0.0
2017-09-06 00:00:00-04:00,34.01320729549891,34.861649844344555,34.01320729549891,34.65425109863281,12965900,0.0,0.0
2017-09-07 00:00:00-04:00,34.83336842766613,36.00233464001667,34.7296690580172,35.832645416259766,14055300,0.0,0.0
2017-09-08 00:00:00-04:00,35.8609231779202,36.106027794389455,35.568679877050535,35.625244140625,9075900,0.0,0.0
2017-09-11 00:00:00-04:00,35.86093069779073,36.06832584870014,35.82322118083358,35.90806579589844,6122000,0.0,0.0
2017-09-12 00:00:00-04:00,35.88921291351618,36.10603725308803,35.8043682940161,35.99291229248047,4259700,0.0,0.0
2017-09-13 00:00:00-04:00,35.82322870510317,36.294586977538735,35.82322870510317,36.077762603759766,5622300,0.0,0.0
2017-09-14 00:00:00-04:00,36.04946578714552,36.37941498862494,35.94576643920154,36.115455627441406,6603800,0.0,0.0
2017-09-15 00:00:00-04:00,36.077751817597544,36.64338013694309,35.88920784575665,36.2003059387207,11121900,0.0,0.0
2017-09-18 00:00:00-04:00,36.10603140133088,36.45483540444332,35.99290645905764,36.19087600708008,5636200,0.0,0.0
2017-09-19 00:00:00-04:00,36.294584237046216,36.5302633554686,36.124894984087874,36.37942886352539,5215300,0.0,0.0
2017-09-20 00:00:00-04:00,36.45484119125653,36.64338518909263,36.021192513557835,36.33229064941406,6424600,0.0,0.0
2017-09-21 00:00:00-04:00,36.34172463393047,36.454849620317745,36.002346078590165,36.05891036987305,5715800,0.0,0.0
2017-09-22 00:00:00-04:00,35.94577654612307,36.115465782074686,35.8703575096212,36.09661102294922,4866100,0.0,0.0
2017-09-25 00:00:00-04:00,36.030623184743654,36.11546780747766,35.38957572323736,35.61582565307617,7420300,0.0,0.0
2017-09-26 00:00:00-04:00,35.68181610107422,36.00233983708634,35.58754589479095,35.68181610107422,6132900,0.0,0.0
2017-09-27 00:00:00-04:00,35.85150275430027,36.09661102677976,35.59696890034584,35.870357513427734,9377700,0.0,0.0
2017-09-28 00:00:00-04:00,35.29530261987418,35.78551560578355,35.29530261987418,35.56869125366211,7734200,0.0,0.0
2017-09-29 00:00:00-04:00,35.568691502188855,36.388853813105456,35.54983674150161,36.256874084472656,9965000,0.0,0.0
2017-10-02 00:00:00-04:00,36.30399959882983,36.55853340660867,36.17201990505791,36.51139831542969,7243800,0.0,0.0
2017-10-03 00:00:00-04:00,36.558532111393745,36.81306591015482,36.2851471537705,36.4925422668457,5107000,0.0,0.0
2017-10-04 00:00:00-04:00,36.5773952160496,36.605679153152934,36.29458101825973,36.44541549682617,5630400,0.0,0.0
2017-10-05 00:00:00-04:00,36.5396913497298,36.79422524596811,36.45484671765036,36.75651931762695,5452500,0.0,0.0
2017-10-06 00:00:00-04:00,36.81306857958865,36.8413525122865,36.45483540022493,36.58681869506836,7466700,0.0,0.0
2017-10-09 00:00:00-04:00,36.57740087424914,37.020478796906005,36.57740087424914,36.75651931762695,4983700,0.0,0.0
2017-10-10 00:00:00-04:00,36.784786248174704,37.02989087580882,36.54910720014399,36.61509704589844,6012700,0.0,0.0
2017-10-11 00:00:00-04:00,36.62451959598442,36.74707369775245,35.98347235067306,36.115455627441406,11038600,0.0,0.0
2017-10-12 00:00:00-04:00,36.11546454298532,36.2945793542656,35.87978545626931,35.90806579589844,10045700,0.0,0.0
2017-10-13 00:00:00-04:00,36.153175354003906,36.32286460708655,35.97406051849576,36.153175354003906,9421300,0.0,0.0
2017-10-16 00:00:00-04:00,36.09660863777283,36.294578201242494,35.568686205676364,35.60639572143555,8646700,0.0,0.0
2017-10-17 00:00:00-04:00,35.59697567978726,35.67239473066069,35.276451905931765,35.342445373535156,12012700,0.0,0.0
2017-10-18 00:00:00-04:00,35.521548558431775,36.03061619609491,35.38956885892883,35.79493713378906,16937800,0.0,0.0
2017-10-19 00:00:00-04:00,34.39028726966639,35.342432665603894,34.11689870281883,35.15388870239258,29099300,0.0,0.0
2017-10-20 00:00:00-04:00,35.201036319469665,35.69124935977709,35.163326794174104,35.455570220947266,15105900,0.0,0.0
2017-10-23 00:00:00-04:00,35.50269807228744,35.68181288656065,34.63540074484554,34.720245361328125,10374300,0.0,0.0
2017-10-24 00:00:00-04:00,34.41857094847808,34.90878386196989,34.41857094847808,34.635398864746094,8533000,0.0,0.0
2017-10-25 00:00:00-04:00,34.55997977595274,34.80508443420067,34.3620102139628,34.578834533691406,8030700,0.0,0.0
2017-10-26 00:00:00-04:00,34.63540133259504,35.10675952190202,34.61654657348145,34.78623580932617,7635200,0.0,0.0
2017-10-27 00:00:00-04:00,34.946497058240475,35.21988568043618,34.54112871393034,34.69196319580078,10880100,0.0,0.0
2017-10-30 00:00:00-04:00,34.748524895836155,35.0030587393829,34.63539994187453,34.8805046081543,8118100,0.0,0.0
2017-10-31 00:00:00-04:00,34.9842024543599,35.521550457450246,34.89935784354683,35.48384094238281,6722800,0.0,0.0
2017-11-01 00:00:00-04:00,35.6818157525826,35.908069280101714,35.295302156711564,35.38957595825195,7092900,0.0,0.0
2017-11-02 00:00:00-04:00,35.34243968273774,35.35186526449009,34.871081479211206,35.25759506225586,5350300,0.0,0.0
2017-11-03 00:00:00-04:00,35.29530339287594,35.39900278011336,34.9842088273416,35.35186767578125,5716900,0.0,0.0
2017-11-06 00:00:00-05:00,35.23873825941459,35.45556258892389,35.163319225057876,35.22930908203125,4361000,0.0,0.0
2017-11-07 00:00:00-05:00,35.446128336490624,35.446128336490624,34.97477022778103,35.26701354980469,5646000,0.0,0.0
2017-11-08 00:00:00-05:00,35.16332317578799,35.22931304017557,34.82394467540734,34.88993453979492,7095200,0.0,0.0
2017-11-09 00:00:00-05:00,34.18289400281894,34.27716779755012,33.19304253329566,33.645545959472656,17006900,0.0,0.0
2017-11-10 00:00:00-05:00,33.47585926978986,33.98492701150217,33.31559920083107,33.90951156616211,8329700,0.0,0.0
2017-11-13 00:00:00-05:00,33.654981394627555,34.032065855132295,33.29674810039656,33.79638671875,7269000,0.0,0.0
2017-11-14 00:00:00-05:00,33.664409443444654,33.73982849877645,33.16477078849621,33.20248031616211,11468000,0.0,0.0
2017-11-15 00:00:00-05:00,33.02335538412926,33.438152914782634,32.79710545484359,33.277889251708984,8120700,0.0,0.0
2017-11-16 00:00:00-05:00,33.34387642305234,33.76809950144792,33.296741324603396,33.57955551147461,8140200,0.0,0.0
2017-11-17 00:00:00-05:00,33.598419368079306,33.66440924301249,33.28732475713408,33.5418586730957,7542600,0.0,0.0
2017-11-20 00:00:00-05:00,33.579549801447044,33.909502626837956,33.39100584353465,33.49470520019531,5981700,0.0,0.0
2017-11-21 00:00:00-05:00,33.673827918113524,34.04148670552642,33.52299345158061,33.90007781982422,5888600,0.0,0.0
2017-11-22 00:00:00-05:00,33.984932616432744,34.12634154451161,33.78696299406507,33.88123321533203,4576200,0.0,0.0
2017-11-24 00:00:00-05:00,34.00377729395593,34.041486809748946,33.654973263313906,33.78695297241211,3122800,0.0,0.0
2017-11-27 00:00:00-05:00,33.8246682268106,34.12633721198041,33.73982359997047,33.928367614746094,7221700,0.0,0.0
2017-11-28 00:00:00-05:00,33.92836712853135,34.12633672292864,33.39101543545913,33.466434478759766,11335100,0.0,0.0
2017-11-29 00:00:00-05:00,33.391009526969576,33.41929346129147,32.00521901522422,32.410587310791016,22063000,0.0,0.0
2017-11-30 00:00:00-05:00,32.50486419566136,33.17419204154945,32.486009434289834,32.68397903442383,16415200,0.0,0.0
2017-12-01 00:00:00-05:00,32.41058950958412,33.23075173701478,32.34459965198496,33.183616638183594,11535200,0.0,0.0
2017-12-04 00:00:00-05:00,33.54185093107873,34.01320912676329,33.35330693356938,33.65497589111328,11130700,0.0,0.0
2017-12-05 00:00:00-05:00,33.8812309675783,35.05962663613013,33.702116120582566,34.70139694213867,19264500,0.0,0.0
2017-12-06 00:00:00-05:00,34.541126950877384,34.795660800325116,34.277167520121594,34.720245361328125,9009600,0.0,0.0
2017-12-07 00:00:00-05:00,34.616547053543364,35.021915389663214,34.409148296595255,34.739097595214844,7625100,0.0,0.0
2017-12-08 00:00:00-05:00,35.11618668185386,35.8137984157042,35.03134206011771,35.4932746887207,12423600,0.0,0.0
2017-12-11 00:00:00-05:00,35.36128691808811,35.53097614020173,35.1821721152692,35.3707160949707,7072200,0.0,0.0
2017-12-12 00:00:00-05:00,35.2952995300293,35.342438225380334,34.97477582100105,35.2952995300293,6313900,0.0,0.0
2017-12-13 00:00:00-05:00,35.31415574512531,35.48384498608908,35.191605201456355,35.25759506225586,5901800,0.0,0.0
2017-12-14 00:00:00-05:00,35.26701405595825,35.606392474488246,35.26701405595825,35.446128845214844,5456800,0.0,0.0
2017-12-15 00:00:00-05:00,35.55926408006081,36.21916268908096,35.2481659390847,36.172027587890625,16277200,0.0,0.0
2017-12-18 00:00:00-05:00,36.29458125155241,36.44541573108838,35.93634801408786,35.99291229248047,8092100,0.0,0.0
2017-12-19 00:00:00-05:00,35.964630772504584,36.040046211711726,35.55926244775574,35.63467788696289,7871000,0.0,0.0
2017-12-20 00:00:00-05:00,35.70066838845736,35.91749272483099,35.57811784801417,35.757232666015625,6551500,0.0,0.0
2017-12-21 00:00:00-05:00,35.92692201492456,36.04947615192881,35.60639830011334,35.644107818603516,9619400,0.0,0.0
2017-12-22 00:00:00-05:00,35.53098355195505,35.73838233250776,35.380149055965276,35.59697341918945,7603300,0.0,0.0
2017-12-26 00:00:00-05:00,35.62525348121283,35.83264864300939,35.446135064352305,35.766658782958984,4537000,0.0,0.0
2017-12-27 00:00:00-05:00,35.88921897331136,35.89864815272438,35.40843511241695,35.455570220947266,4244100,0.0,0.0
2017-12-28 00:00:00-05:00,35.31415407077384,35.75723191185798,35.304728489468395,35.747802734375,3398600,0.0,0.0
2017-12-29 00:00:00-05:00,35.65353663294359,35.85150622870102,35.493276559095555,35.578121185302734,4652500,0.0,0.0
2018-01-02 00:00:00-05:00,35.983479402460055,36.16259780080259,35.74780032773759,35.879783630371094,6997300,0.0,0.0
2018-01-03 00:00:00-05:00,35.813798317707786,37.02989976436138,35.72895369620379,36.97333908081055,9134400,0.0,0.0
2018-01-04 00:00:00-05:00,37.16188035073111,37.49183326254521,36.26630260938185,36.360572814941406,8958600,0.0,0.0
2018-01-05 00:00:00-05:00,36.624526705374606,37.5578174218601,36.586820786583786,37.41640853881836,7290400,0.0,0.0
2018-01-08 00:00:00-05:00,37.284435780478645,37.78407795647001,37.180736393080856,37.52011489868164,9714200,0.0,0.0
2018-01-09 00:00:00-05:00,37.80292729954632,37.83121123776867,37.218444121499275,37.26557922363281,6215900,0.0,0.0
2018-01-10 00:00:00-05:00,36.64338161964418,36.78479050329097,35.39899638979071,35.5404052734375,17416500,0.0,0.0
2018-01-11 00:00:00-05:00,35.672388159382336,35.766658359430146,35.314154926080946,35.644107818603516,11090500,0.0,0.0
2018-01-12 00:00:00-05:00,35.823212964351846,36.07774675116607,35.72894278975842,35.84206771850586,11992900,0.0,0.0
2018-01-16 00:00:00-05:00,35.8892002851989,36.05888946449061,35.23872749536493,35.521541595458984,10718800,0.0,0.0
2018-01-17 00:00:00-05:00,35.823230209991095,36.115473645802076,35.58755106387273,35.813804626464844,12245700,0.0,0.0
2018-01-18 00:00:00-05:00,36.021193725955605,36.70937628446918,35.945778281989426,36.520835876464844,11113500,0.0,0.0
2018-01-19 00:00:00-05:00,36.53026088240906,36.784794744614906,36.011767576216855,36.22859191894531,12724000,0.0,0.0
2018-01-22 00:00:00-05:00,36.16259856337179,37.454118913155824,36.13431822458547,37.312713623046875,10715000,0.0,0.0
2018-01-23 00:00:00-05:00,37.3221472860327,37.60496152367143,36.88849854857478,37.49183654785156,6944800,0.0,0.0
2018-01-24 00:00:00-05:00,37.68037220337455,38.37798026154232,37.41640919017993,37.538963317871094,10736000,0.0,0.0
2018-01-25 00:00:00-05:00,37.64266393005518,38.095167343951736,37.576674073623025,37.727508544921875,9070900,0.0,0.0
2018-01-26 00:00:00-05:00,38.00089487977505,38.56652321434039,37.63323250651261,38.54766845703125,8522600,0.0,0.0
2018-01-29 00:00:00-05:00,38.2648524126804,38.71735577737073,38.24599765629616,38.46282196044922,6372800,0.0,0.0
2018-01-30 00:00:00-05:00,38.38741190244401,38.97189504743063,37.88776977879218,38.08574295043945,9022900,0.0,0.0
2018-01-31 00:00:00-05:00,38.16115452863661,38.74563761447651,38.048029582126965,38.255428314208984,14509700,0.0,0.0
2018-02-01 00:00:00-05:00,42.89359814661371,44.298247228678214,42.620209515124046,43.544071197509766,33290600,0.0,0.0
2018-02-02 00:00:00-05:00,42.573069539650994,43.591204907494145,41.696343060511865,41.762332916259766,19255600,0.0,0.0
2018-02-05 00:00:00-05:00,41.49837752405409,41.90374587512361,39.82034343574255,39.942893981933594,19100200,0.0,0.0
2018-02-06 00:00:00-05:00,39.3301266640314,40.63107261764778,39.3301266640314,40.33883285522461,18686100,0.0,0.0
2018-02-07 00:00:00-05:00,40.22570581318301,40.649928899250185,39.810911904682655,39.90518569946289,11379200,0.0,0.0
2018-02-08 00:00:00-05:00,40.06544688731587,40.48966998535828,38.66079787294827,38.67022705078125,14996800,0.0,0.0
2018-02-09 00:00:00-05:00,39.12272511132076,39.57522848829598,38.114018992530276,39.2735595703125,15976200,0.0,0.0
2018-02-12 00:00:00-05:00,39.54695550551787,40.19742855660386,39.25471211354588,39.89575958251953,11821400,0.0,0.0
2018-02-13 00:00:00-05:00,39.584662045312854,40.32940524614898,39.499817427979934,39.735496520996094,10415600,0.0,0.0
2018-02-14 00:00:00-05:00,39.43382666229553,40.22570494427902,39.358407628100444,40.008880615234375,9930100,0.0,0.0
2018-02-15 00:00:00-05:00,40.23513577774624,40.781909413456226,39.8109126833813,40.54623031616211,10402800,0.0,0.0
2018-02-16 00:00:00-05:00,40.687637277892854,41.14014069163505,40.451958191807705,40.85732650756836,9396200,0.0,0.0
2018-02-20 00:00:00-05:00,40.640505275932505,41.28155272661373,40.546231476610124,40.90446472167969,10947000,0.0,0.0
2018-02-21 00:00:00-05:00,41.02701318467966,41.196702403797666,40.593364556345755,40.649925231933594,10393300,0.0,0.0
2018-02-22 00:00:00-05:00,40.68764333703771,41.01759266822151,40.17857557220157,40.376548767089844,10575200,0.0,0.0
2018-02-23 00:00:00-05:00,40.79133527165674,41.281548185676876,40.36711221181457,41.17784881591797,11158700,0.0,0.0
2018-02-26 00:00:00-05:00,41.2909795195368,41.81890202269307,41.14957421067236,41.31926345825195,6402500,0.0,0.0
2018-02-27 00:00:00-05:00,41.309829429176595,41.432383559410546,40.659356453954715,40.6782112121582,9243800,0.0,0.0
2018-02-28 00:00:00-05:00,40.74419791759384,40.93273829269663,40.39539031206397,40.40481948852539,8825200,0.0,0.0
2018-03-01 00:00:00-05:00,40.54623334942463,40.64050715310148,39.6412264111943,39.84862518310547,8040500,0.0,0.0
2018-03-02 00:00:00-05:00,40.159720688149214,40.593373002893436,39.801491014296055,40.48967361450195,8070200,0.0,0.0
2018-03-05 00:00:00-05:00,40.3388350972139,41.05529796962675,40.17857144127486,40.715919494628906,5506100,0.0,0.0
2018-03-06 00:00:00-05:00,41.04587309530486,41.04587309530486,40.4990958547921,40.668785095214844,5324800,0.0,0.0
2018-03-07 00:00:00-05:00,40.50852163352136,41.49837305547466,40.34825798826903,41.41352844238281,8126500,0.0,0.0
2018-03-08 00:00:00-05:00,41.630352214357174,41.7623319227131,40.92331498001267,41.17784881591797,9297800,0.0,0.0
2018-03-09 00:00:00-05:00,41.25326871200558,41.33811333314905,40.857329544121164,41.30040740966797,7800600,0.0,0.0
2018-03-12 00:00:00-04:00,41.50780445642815,41.51723363485901,40.94217602062442,41.38525390625,9189400,0.0,0.0
2018-03-13 00:00:00-04:00,41.61150428438622,41.68692332792322,40.24456468779057,40.36711883544922,9934900,0.0,0.0
2018-03-14 00:00:00-04:00,40.50852849956336,40.66878857580178,40.20685951214446,40.376548767089844,11663300,0.0,0.0
2018-03-15 00:00:00-04:00,40.36711961767189,40.3765487963857,39.74492688114672,40.15029525756836,7598600,0.0,0.0
2018-03-16 00:00:00-04:00,40.17857114089222,40.291699695830815,39.95232122337023,40.02773666381836,14194900,0.0,0.0
2018-03-19 00:00:00-04:00,39.81091190646208,40.310550432198205,39.33012813968284,39.678932189941406,9410000,0.0,0.0
2018-03-20 00:00:00-04:00,39.66950978839549,39.77320557670413,39.320702113999495,39.55638122558594,8000800,0.0,0.0
2018-03-21 00:00:00-04:00,39.47152966261523,39.71663790943558,39.0944453080737,39.28298568725586,7658100,0.0,0.0
2018-03-22 00:00:00-04:00,38.87762091427784,39.16986065910919,38.23657355709451,38.255428314208984,10974100,0.0,0.0
2018-03-23 00:00:00-04:00,38.24600120629153,38.59480524133314,37.42583900642388,37.435264587402344,9244800,0.0,0.0
2018-03-26 00:00:00-04:00,37.99146560450223,38.70793199568259,37.3221379045611,38.66079330444336,9796900,0.0,0.0
2018-03-27 00:00:00-04:00,38.79278419175303,38.81163535652265,37.689804051477076,37.91605758666992,11795600,0.0,0.0
2018-03-28 00:00:00-04:00,37.83120980087675,38.481682816440276,37.36927718668632,37.812355041503906,14336500,0.0,0.0
2018-03-29 00:00:00-04:00,38.123450225116656,38.49111264483518,37.69923071867891,37.93490982055664,13438300,0.0,0.0
2018-04-02 00:00:00-04:00,37.74635968807823,38.02917384515396,36.67166373348417,37.10531234741211,7721400,0.0,0.0
2018-04-03 00:00:00-04:00,37.20901227166397,37.614380554847926,36.97333320451875,37.34099197387695,9671700,0.0,0.0
2018-04-04 00:00:00-04:00,36.86020837466731,37.62380992373219,36.765938176787586,37.510684967041016,10205800,0.0,0.0
2018-04-05 00:00:00-04:00,37.812349874353124,38.000893846138865,37.34099174297735,37.73693084716797,6190800,0.0,0.0
2018-04-06 00:00:00-04:00,37.388128492935856,37.652087907421325,36.76593587580774,36.85078048706055,6019700,0.0,0.0
2018-04-09 00:00:00-04:00,36.96391517963201,37.284438951495545,36.596256299354664,36.6528205871582,7607500,0.0,0.0
2018-04-10 00:00:00-04:00,37.04875114053783,37.53896406488019,36.89791667121536,37.322139739990234,7480300,0.0,0.0
2018-04-11 00:00:00-04:00,38.095166852347596,38.736214246139596,37.24672071462953,37.54839324951172,17644400,0.0,0.0
2018-04-12 00:00:00-04:00,37.963181656679346,38.547664691457925,37.6615127615564,38.20828628540039,14002500,0.0,0.0
2018-04-13 00:00:00-04:00,38.707934516582085,38.73621485622562,37.52010990506885,37.614383697509766,7340900,0.0,0.0
2018-04-16 00:00:00-04:00,37.91605172688719,38.33084561509497,37.529538177641165,37.88776779174805,6629200,0.0,0.0
2018-04-17 00:00:00-04:00,38.0763079437201,38.462821454065505,37.83120330630617,38.28370666503906,9474500,0.0,0.0
2018-04-18 00:00:00-04:00,40.395392572701056,40.442531265291905,38.79277771757776,39.35840606689453,19386300,0.0,0.0
2018-04-19 00:00:00-04:00,39.15100347523447,39.829760304574265,39.1321487192887,39.69778060913086,9700700,0.0,0.0
2018-04-20 00:00:00-04:00,39.85805400269358,40.53681105958457,39.65065881011548,39.78263854980469,13731600,0.0,0.0
2018-04-23 00:00:00-04:00,39.92402855550463,40.065437420164166,39.11329566614394,39.21699142456055,8673100,0.0,0.0
2018-04-24 00:00:00-04:00,39.45268229552273,39.763780452565484,38.472259913125605,38.82106399536133,7316900,0.0,0.0
2018-04-25 00:00:00-04:00,38.75506854627117,38.915328594736295,37.93490635362244,38.62308883666992,11161200,0.0,0.0
2018-04-26 00:00:00-04:00,36.615106029309544,36.8319303751538,35.90806871174784,36.464271545410156,21446700,0.0,0.0
2018-04-27 00:00:00-04:00,36.4642620619425,36.662231596290056,35.81378919358189,36.0400390625,15960100,0.0,0.0
2018-04-30 00:00:00-04:00,36.09661184705397,36.407706389282644,35.49327392597487,35.71009826660156,10620400,0.0,0.0
2018-05-01 00:00:00-04:00,35.5875448274805,35.747804892591255,35.27644668295575,35.6629638671875,7301900,0.0,0.0
2018-05-02 00:00:00-04:00,35.662960845702685,35.813795316159734,34.95592359115198,35.050193786621094,11027800,0.0,0.0
2018-05-03 00:00:00-04:00,34.880503086013114,35.59696589140781,34.701388283708766,35.48384094238281,8942700,0.0,0.0
2018-05-04 00:00:00-04:00,35.19160860113333,36.00234176873039,35.078480032110264,35.82322692871094,6359300,0.0,0.0
2018-05-07 00:00:00-04:00,35.898640914631756,36.0589009705579,35.455563072190564,35.63467788696289,6773700,0.0,0.0
2018-05-08 00:00:00-04:00,35.568684088576816,35.95519761165919,35.333005023375925,35.91748809814453,8953000,0.0,0.0
2018-05-09 00:00:00-04:00,36.10602890728252,36.61509650661352,35.99290397282346,36.0400390625,9597500,0.0,0.0
2018-05-10 00:00:00-04:00,36.19087537719608,36.35113900578951,35.90806122834669,36.29457473754883,7215500,0.0,0.0
2018-05-11 00:00:00-04:00,36.18144976440603,36.5396793410742,35.926915951819495,36.068321228027344,7455900,0.0,0.0
2018-05-14 00:00:00-04:00,35.9646261225336,36.45483540444332,35.9646261225336,36.19087600708008,7462800,0.0,0.0
2018-05-15 00:00:00-04:00,35.93634559917199,36.02119021297054,35.53097728837644,35.89863967895508,6747200,0.0,0.0
2018-05-16 00:00:00-04:00,35.82322602644207,36.36057412914447,35.77609092195866,36.153175354003906,11002600,0.0,0.0
2018-05-17 00:00:00-04:00,36.040042303993935,36.61509979982896,36.040042303993935,36.2003059387207,6370400,0.0,0.0
2018-05-18 00:00:00-04:00,36.106038428398605,36.37000147331222,35.97405870403068,36.12489318847656,6736600,0.0,0.0
2018-05-21 00:00:00-04:00,36.285155018026295,36.59624955315252,36.00233722732188,36.09661102294922,6599200,0.0,0.0
2018-05-22 00:00:00-04:00,36.2003080080219,36.28515262039138,35.53097668991718,35.60639572143555,9142200,0.0,0.0
2018-05-23 00:00:00-04:00,35.45556307174068,35.87978615533031,35.32358335599669,35.860931396484375,7347000,0.0,0.0
2018-05-24 00:00:00-04:00,35.85149400256943,36.0494671269917,35.47440970060314,35.625244140625,6256200,0.0,0.0
2018-05-25 00:00:00-04:00,35.67238858179488,36.09661167938867,35.634679062858176,35.766658782958984,8736600,0.0,0.0
2018-05-29 00:00:00-04:00,35.56869002949936,35.71009893070982,35.219885961672034,35.38014602661133,8306000,0.0,0.0
2018-05-30 00:00:00-04:00,35.61582623744036,35.93634997345248,35.38014712555433,35.68181610107422,7908700,0.0,0.0
2018-05-31 00:00:00-04:00,35.61582200059186,35.64410593605448,35.050193637823526,35.559261322021484,10710700,0.0,0.0
2018-06-01 00:00:00-04:00,35.87978220523797,36.62452531868526,35.7383733275503,36.143741607666016,7831200,0.0,0.0
2018-06-04 00:00:00-04:00,36.266299870182834,36.888492529943946,36.19088083448934,36.83192825317383,8115300,0.0,0.0
2018-06-05 00:00:00-04:00,36.982770508659506,38.1517406345887,36.973344925303685,37.74637222290039,11216100,0.0,0.0
2018-06-06 00:00:00-04:00,37.77464687573227,37.812356395828594,37.04875479667813,37.661521911621094,6986700,0.0,0.0
2018-06-07 00:00:00-04:00,37.76522232402644,38.51939476563764,37.55782355401665,38.13288116455078,11570700,0.0,0.0
2018-06-08 00:00:00-04:00,37.953760282867094,38.09516917985225,37.62381098480524,37.9820442199707,6067000,0.0,0.0
2018-06-11 00:00:00-04:00,37.9631906837419,38.425119715911116,37.78407585847718,38.170589447021484,5208900,0.0,0.0
2018-06-12 00:00:00-04:00,38.30257041343553,38.41569538063275,37.99147225842086,38.13288116455078,8575100,0.0,0.0
2018-06-13 00:00:00-04:00,37.94433127089451,37.96318602853312,36.64338176324848,37.07703399658203,14044000,0.0,0.0
2018-06-14 00:00:00-04:00,37.25615460634603,37.39755991640805,36.71880651651904,36.76594161987305,9353400,0.0,0.0
2018-06-15 00:00:00-04:00,36.690515597406424,36.77536020577359,36.22858663776745,36.662235260009766,12891600,0.0,0.0
2018-06-18 00:00:00-04:00,36.294578457307395,36.79421695802083,36.14374398938386,36.63395690917969,10077500,0.0,0.0
2018-06-19 00:00:00-04:00,36.12489407595917,37.04875576540896,36.08718455487684,36.935630798339844,7190200,0.0,0.0
2018-06-20 00:00:00-04:00,37.21844613932647,37.27501042266006,36.728233138969216,37.01104736328125,5750500,0.0,0.0
2018-06-21 00:00:00-04:00,36.973334886220606,37.32213891453099,35.691240127247234,35.832645416259766,11587300,0.0,0.0
2018-06-22 00:00:00-04:00,35.88921103741986,36.077755026028164,35.49327189790215,35.90806579589844,11808400,0.0,0.0
2018-06-25 00:00:00-04:00,35.55926474871788,35.58754509072833,34.67310900649431,34.98420715332031,13382600,0.0,0.0
2018-06-26 00:00:00-04:00,35.00306315305155,35.22931308950351,34.67311023447375,34.94649887084961,12451300,0.0,0.0
2018-06-27 00:00:00-04:00,34.8993608885988,35.1633203247473,34.21117836137048,34.220603942871094,9898300,0.0,0.0
2018-06-28 00:00:00-04:00,34.107484151756765,34.28659899682782,33.52300091336551,34.06977462768555,11381100,0.0,0.0
2018-06-29 00:00:00-04:00,34.20175423706232,34.44686254642478,34.06034891659456,34.182899475097656,6335800,0.0,0.0
2018-07-02 00:00:00-04:00,33.852945540145726,34.578837594540694,33.62669202343162,34.56940841674805,6144200,0.0,0.0
2018-07-03 00:00:00-04:00,34.77680917782644,35.078478153375066,34.51284972326586,34.54113006591797,3704000,0.0,0.0
2018-07-05 00:00:00-04:00,34.691958644502286,34.97477281138426,34.4091444776203,34.908782958984375,4653800,0.0,0.0
2018-07-06 00:00:00-04:00,35.06904272110364,35.38956636711833,34.64481971958761,35.2481575012207,4188500,0.0,0.0
2018-07-09 00:00:00-04:00,35.3895763529835,35.757235192647286,35.30473172873971,35.738380432128906,4660700,0.0,0.0
2018-07-10 00:00:00-04:00,34.95592622482202,35.35186539103633,34.871081604036426,34.918216705322266,11250700,0.0,0.0
2018-07-11 00:00:00-04:00,34.814517273051784,35.285875477565156,34.67310837322669,34.86165237426758,8442000,0.0,0.0
2018-07-12 00:00:00-04:00,35.31415745061587,35.615826427747685,35.06905275526298,35.39900207519531,9711500,0.0,0.0
2018-07-13 00:00:00-04:00,35.39900593300393,35.51213091271233,35.003066705935396,35.455570220947266,7785700,0.0,0.0
2018-07-16 00:00:00-04:00,35.502701389806795,35.879789408561045,35.342441319351856,35.56869125366211,11576800,0.0,0.0
2018-07-17 00:00:00-04:00,35.285874585302125,35.96463153341473,35.18217520754297,35.644107818603516,9931200,0.0,0.0
2018-07-18 00:00:00-04:00,35.615821256221786,36.14374368763545,35.46498678955751,35.776084899902344,15840300,0.0,0.0
2018-07-19 00:00:00-04:00,33.155324618887825,33.607831526645974,31.98635862967978,32.15604782104492,50978000,0.0,0.0
2018-07-20 00:00:00-04:00,32.448293272621896,32.91022584126778,32.165479102268854,32.24089813232422,20035000,0.0,0.0
2018-07-23 00:00:00-04:00,32.10892113698741,32.19376575487482,31.571573089093036,31.854387283325195,15380500,0.0,0.0
2018-07-24 00:00:00-04:00,32.07121170602004,32.10892122433427,31.524434478996543,31.599853515625,10916700,0.0,0.0
2018-07-25 00:00:00-04:00,31.50557825303353,32.09006497115929,31.47729791370331,31.94865608215332,12141500,0.0,0.0
2018-07-26 00:00:00-04:00,31.87323487929341,32.65568742736122,31.826096194033926,32.45771789550781,9728300,0.0,0.0
2018-07-27 00:00:00-04:00,32.64627245924177,32.8442420554425,31.82610653867654,31.873245239257812,10161300,0.0,0.0
2018-07-30 00:00:00-04:00,31.78839349654712,32.01464338550479,31.49615016078489,31.741254806518555,10093700,0.0,0.0
2018-07-31 00:00:00-04:00,31.835537792936442,32.014652639818515,31.42074381249355,31.53386878967285,9976100,0.0,0.0
2018-08-01 00:00:00-04:00,31.439593228330736,31.533867034213845,30.968234987449147,31.194488525390625,8981800,0.0,0.0
2018-08-02 00:00:00-04:00,31.109642628792532,31.486730644582366,30.977662902119445,31.317041397094727,7235700,0.0,0.0
2018-08-03 00:00:00-04:00,31.458449569790915,31.78840251268967,31.269905544731362,31.73183822631836,7154100,0.0,0.0
2018-08-06 00:00:00-04:00,31.73183625626399,32.23147483490056,31.64699163006363,32.04293441772461,8119000,0.0,0.0
2018-08-07 00:00:00-04:00,32.15606125324374,32.25033146730211,31.78840238376671,31.84496307373047,5722300,0.0,0.0
2018-08-08 00:00:00-04:00,31.844955502696685,32.00521914390753,31.70355021522778,31.901519775390625,5504300,0.0,0.0
2018-08-09 00:00:00-04:00,31.920378919615544,32.25032823189692,31.82610511883673,32.19376754760742,8115900,0.0,0.0
2018-08-10 00:00:00-04:00,31.628131727411084,32.48600343234039,31.51500677626034,32.13719940185547,13198500,0.0,0.0
2018-08-13 00:00:00-04:00,32.15605428751769,32.47657798053289,31.929800788139808,31.93922996520996,7984400,0.0,0.0
2018-08-14 00:00:00-04:00,31.967510772951034,32.74053787988304,31.910946498232562,32.429443359375,9201000,0.0,0.0
2018-08-15 00:00:00-04:00,32.09950022407379,32.146635335885534,31.67527702541109,31.920385360717773,12381500,0.0,0.0
2018-08-16 00:00:00-04:00,32.10892176016387,32.21261754299206,31.712979003612237,31.835533142089844,8534500,0.0,0.0
2018-08-17 00:00:00-04:00,31.882668017464088,32.297461934379754,31.750688298271726,32.06178283691406,6982400,0.0,0.0
2018-08-20 00:00:00-04:00,32.24089817553212,32.37287788212859,31.986364343020078,32.07120895385742,7843900,0.0,0.0
2018-08-21 00:00:00-04:00,32.10892384864405,32.87252187794035,32.08063990950789,32.551998138427734,9788800,0.0,0.0
2018-08-22 00:00:00-04:00,32.438868786345814,32.797101998839956,32.19376412275134,32.712257385253906,7463100,0.0,0.0
2018-08-23 00:00:00-04:00,32.78767297739306,32.89137234962155,32.2786088896365,32.429443359375,7989400,0.0,0.0
2018-08-24 00:00:00-04:00,32.58028207756389,32.88195105637837,32.48600827407319,32.551998138427734,5412500,0.0,0.0
2018-08-27 00:00:00-04:00,32.63683463897653,32.7970982669263,32.54256445513102,32.59912872314453,7464800,0.0,0.0
2018-08-28 00:00:00-04:00,32.74996566772461,32.79710076323499,32.486002659747385,32.74996566772461,5877600,0.0,0.0
2018-08-29 00:00:00-04:00,32.787672078304944,33.268459409784484,32.759391739809914,32.929080963134766,5934400,0.0,0.0
2018-08-30 00:00:00-04:00,32.844247156023805,32.98565608737198,32.63684834902743,32.80653762817383,4985500,0.0,0.0
2018-08-31 00:00:00-04:00,32.731117908066125,33.05164166071158,32.580283412478735,32.627418518066406,7944100,0.0,0.0
2018-09-04 00:00:00-04:00,32.42945313820956,32.91023703167202,32.39174361035958,32.80653762817383,6743300,0.0,0.0
2018-09-05 00:00:00-04:00,32.65569527712039,32.702830377533395,32.05235736100749,32.17491149902344,8820700,0.0,0.0
2018-09-06 00:00:00-04:00,32.12778103856123,32.35403099169016,31.373604938323023,31.73183822631836,9240100,0.0,0.0
2018-09-07 00:00:00-04:00,31.486731556228484,32.07121476106541,31.241623260015036,32.04293441772461,6445200,0.0,0.0
2018-09-10 00:00:00-04:00,32.184339080240896,32.24090336195742,31.665845751128604,31.77897071838379,7787600,0.0,0.0
2018-09-11 00:00:00-04:00,31.873233700828568,32.25031799572483,31.656409422123474,32.15604782104492,4970600,0.0,0.0
2018-09-12 00:00:00-04:00,32.03349923715014,32.44829311186782,31.816674921081077,32.29745864868164,6035900,0.0,0.0
2018-09-13 00:00:00-04:00,32.457726060128905,32.85366522343276,32.33517192074442,32.4671516418457,6716800,0.0,0.0
2018-09-14 00:00:00-04:00,32.5237134904929,32.570848587910305,32.01464580755913,32.14662551879883,5376400,0.0,0.0
2018-09-17 00:00:00-04:00,32.08063449154522,32.42001293443978,32.07120891087694,32.24089813232422,6722700,0.0,0.0
2018-09-18 00:00:00-04:00,32.25033000936831,32.56142817481784,32.13720503837666,32.16548538208008,8724500,0.0,0.0
2018-09-19 00:00:00-04:00,32.06177722589136,32.40115564223691,32.06177722589136,32.25975036621094,13455600,0.0,0.0
2018-09-20 00:00:00-04:00,32.31631233220552,32.3445962654849,31.8920928909634,32.27860641479492,15877000,0.0,0.0
2018-09-21 00:00:00-04:00,32.35402442625395,32.48600413816022,32.0052203881906,32.090065002441406,24875000,0.0,0.0
2018-09-24 00:00:00-04:00,31.89209621039825,32.00522116675876,31.70355221901239,31.78839683532715,8746500,0.0,0.0
2018-09-25 00:00:00-04:00,31.646988164112695,31.78839705768562,30.732552137010213,30.883386611938477,20479000,0.0,0.0
2018-09-26 00:00:00-04:00,30.836250146823826,32.14662526399949,30.836250146823826,31.656415939331055,14007000,0.0,0.0
2018-09-27 00:00:00-04:00,31.646982912077096,31.807246537941392,31.251043829665807,31.430158615112305,7374800,0.0,0.0
2018-09-28 00:00:00-04:00,31.307609074307617,31.430163206556816,30.855105658515363,31.128494262695312,8467200,0.0,0.0
2018-10-01 00:00:00-04:00,31.20391366027974,31.251052360634098,30.600575695994475,30.6477108001709,11990700,0.0,0.0
2018-10-02 00:00:00-04:00,30.638275213290893,30.902234587428836,30.48744077147253,30.694839477539062,10174300,0.0,0.0
2018-10-03 00:00:00-04:00,30.89281334504281,31.232191785822096,30.836249072853843,30.873958587646484,11075500,0.0,0.0
2018-10-04 00:00:00-04:00,30.789119805639416,31.04365368440555,30.52516034447955,30.760839462280273,12293000,0.0,0.0
2018-10-05 00:00:00-04:00,30.779684801457503,30.85510022605623,30.26118802406755,30.393171310424805,9361100,0.0,0.0
2018-10-08 00:00:00-04:00,30.32718596512567,31.156777434235625,30.2611961024192,30.713703155517578,8036100,0.0,0.0
2018-10-09 00:00:00-04:00,30.694850389412903,32.617989307219595,30.440316504075685,31.37360382080078,27415000,0.0,0.0
2018-10-10 00:00:00-04:00,31.194486633742045,31.27933125580283,29.84640185887497,29.8558292388916,14292200,0.0,0.0
2018-10-11 00:00:00-04:00,29.95952872065964,29.97838168266674,28.997957532830874,29.601295471191406,14477800,0.0,0.0
2018-10-12 00:00:00-04:00,30.091501879906083,30.091501879906083,29.36560995738281,29.902957916259766,7910500,0.0,0.0
2018-10-15 00:00:00-04:00,29.733275579470785,30.30833314842283,29.610721442765197,30.034944534301758,5036400,0.0,0.0
2018-10-16 00:00:00-04:00,29.902964698440325,30.48744967983798,29.89353731831097,30.402605056762695,7111500,0.0,0.0
2018-10-17 00:00:00-04:00,30.383751072386943,30.534585562130534,29.695568488170686,30.185781478881836,10845300,0.0,0.0
2018-10-18 00:00:00-04:00,30.063224284516682,30.157496280571895,29.507021485688583,29.742700576782227,8705300,0.0,0.0
2018-10-19 00:00:00-04:00,27.781855066905415,27.88555445900799,26.744868338235865,27.103099822998047,39779400,0.0,0.0
2018-10-22 00:00:00-04:00,26.839137411189142,27.253933163889762,26.480905941644732,26.85799217224121,17677200,0.0,0.0
2018-10-23 00:00:00-04:00,26.160380513000316,26.73543810146732,26.02840079030515,26.575176239013672,12577500,0.0,0.0
2018-10-24 00:00:00-04:00,26.499755510102386,26.75428754207416,25.6795915459373,25.726728439331055,16309300,0.0,0.0
2018-10-25 00:00:00-04:00,26.07553902304119,26.67887702562841,25.97183962956311,26.452625274658203,12239600,0.0,0.0
2018-10-26 00:00:00-04:00,25.679594653335972,26.320642096352966,25.415633412655783,25.773866653442383,16691700,0.0,0.0
2018-10-29 00:00:00-04:00,26.132093706850767,26.20751093465064,24.850000834252953,25.283649444580078,18291800,0.0,0.0
2018-10-30 00:00:00-04:00,25.35906839793523,26.08496038870758,25.245943447582118,25.849281311035156,19994400,0.0,0.0
2018-10-31 00:00:00-04:00,27.621591787400877,27.800708419748414,26.17923674243878,27.3670597076416,28518100,0.0,0.0
2018-11-01 00:00:00-04:00,27.4141895446309,28.281488600296882,27.33877231362032,27.8289852142334,18717300,0.0,0.0
2018-11-02 00:00:00-04:00,27.828992035440184,28.356912781913707,27.63102063170695,28.15894317626953,16427500,0.0,0.0
2018-11-05 00:00:00-05:00,28.196651588571157,28.338058710058743,27.649876066887145,27.94211769104004,10724200,0.0,0.0
2018-11-06 00:00:00-05:00,27.894977458817415,28.52659749698058,27.772423324109866,28.234355926513672,12821600,0.0,0.0
2018-11-07 00:00:00-05:00,28.366333748442102,28.451178359700744,27.89497559615571,28.14950942993164,18347500,0.0,0.0
2018-11-08 00:00:00-05:00,28.0363832965556,28.253207619817104,27.82898635231703,28.13065528869629,10837900,0.0,0.0
2018-11-09 00:00:00-05:00,27.92326027046641,28.234356607326497,27.88555075177364,27.93268585205078,8713100,0.0,0.0
2018-11-12 00:00:00-05:00,27.885548442307144,27.998675190927543,27.253928441224215,27.301063537597656,10966400,0.0,0.0
2018-11-13 00:00:00-05:00,27.15022815241581,27.15022815241581,26.198086291665458,26.490327835083008,17743900,0.0,0.0
2018-11-14 00:00:00-05:00,26.584599832704704,26.716579536603078,26.27350353202382,26.292356491088867,12131000,0.0,0.0
2018-11-15 00:00:00-05:00,26.207516224987458,26.839136309595524,25.971837115776818,26.55632209777832,12345600,0.0,0.0
2018-11-16 00:00:00-05:00,26.396060931783186,26.72601205304827,26.282934165202118,26.509187698364258,12513700,0.0,0.0
2018-11-19 00:00:00-05:00,26.414915034710486,26.70715662714075,26.207516267491854,26.35835075378418,11562100,0.0,0.0
2018-11-20 00:00:00-05:00,26.11324350995207,26.989968201556323,26.0189715157108,26.546892166137695,15882600,0.0,0.0
2018-11-21 00:00:00-05:00,26.905125332723237,27.112522281182876,26.631736729759925,26.716581344604492,12092800,0.0,0.0
2018-11-23 00:00:00-05:00,26.565753156882412,27.385915563586043,26.565753156882412,26.81085968017578,7229000,0.0,0.0
2018-11-26 00:00:00-05:00,27.150230407714847,27.357629157378078,26.89569835744714,27.150230407714844,11018000,0.0,0.0
2018-11-27 00:00:00-05:00,26.942833510181405,27.225647699085563,26.782571656978714,27.09366798400879,9823500,0.0,0.0
2018-11-28 00:00:00-05:00,27.150228249121604,28.130654047172587,27.065383639748397,28.05523681640625,22025700,0.0,0.0
2018-11-29 00:00:00-05:00,27.87612030933178,28.168361854736702,27.64044123766264,27.8289852142334,8839400,0.0,0.0
2018-11-30 00:00:00-05:00,27.781851977324294,28.168365561882375,27.58388239415063,28.140085220336914,19709500,0.0,0.0
2018-12-03 00:00:00-05:00,28.441753414109847,28.620870030767136,28.11180231966394,28.470035552978516,18952800,0.0,0.0
2018-12-04 00:00:00-05:00,28.33805571925345,28.592589589921005,27.470756521418355,27.58388328552246,17330100,0.0,0.0
2018-12-06 00:00:00-05:00,27.225649881069643,27.847844383083977,27.121952295808008,27.78185272216797,15521800,0.0,0.0
2018-12-07 00:00:00-05:00,27.744145848983433,28.196649320582374,27.253932855706765,27.395339965820312,11785300,0.0,0.0
2018-12-10 00:00:00-05:00,27.489608818085298,27.6121629513885,27.07481311766399,27.31991958618164,10646400,0.0,0.0
2018-12-11 00:00:00-05:00,27.715861125766306,27.85726822270663,27.282212455404142,27.385910034179688,12570800,0.0,0.0
2018-12-12 00:00:00-05:00,26.86741434862076,27.800703262854846,26.631735275387246,27.376482009887695,12840500,0.0,0.0
2018-12-13 00:00:00-05:00,27.527317092896496,27.63101466475451,27.121948790110725,27.357627868652344,12261800,0.0,0.0
2018-12-14 00:00:00-05:00,27.140804184758945,27.470753463988103,27.10309466822492,27.253929138183594,11101100,0.0,0.0
2018-12-17 00:00:00-05:00,27.13137630780172,27.33877325066727,26.73543538190299,26.848560333251953,16640200,0.0,0.0
2018-12-18 00:00:00-05:00,26.92397886022758,27.13137761114488,26.791999144617495,26.867416381835938,13869600,0.0,0.0
2018-12-19 00:00:00-05:00,26.85799159947935,27.55560156072816,26.471477996599457,26.678874969482422,18442300,0.0,0.0
2018-12-20 00:00:00-05:00,26.584606228222743,26.886275222899982,26.00012120246881,26.386634826660156,21710600,0.0,0.0
2018-12-21 00:00:00-05:00,26.41491577733799,26.716584758403744,24.793442306976107,25.057403564453125,32178400,0.0,0.0
2018-12-24 00:00:00-05:00,25.029116450492616,25.37792226435591,24.642602920532227,24.642602920532227,6216100,0.0,0.0
2018-12-26 00:00:00-05:00,24.840581036662883,26.282936183262674,24.520057271176462,26.254655838012695,11503400,0.0,0.0
2018-12-27 00:00:00-05:00,25.90584984547327,26.43377239756205,25.472201104210082,26.424345016479492,9769900,0.0,0.0
2018-12-28 00:00:00-05:00,26.499754501747258,26.999392966088696,26.41490989495559,26.62230682373047,8781000,0.0,0.0
2018-12-31 00:00:00-05:00,26.754291069470046,26.867417830441532,26.292360241840136,26.46204948425293,7629300,0.0,0.0
2019-01-02 00:00:00-05:00,26.06610821750744,27.301066203591716,25.981263597279096,27.197368621826172,11190300,0.0,0.0
2019-01-03 00:00:00-05:00,26.989970701656404,27.16908732749765,26.660021388381615,26.697729110717773,10803900,0.0,0.0
2019-01-04 00:00:00-05:00,26.96168940805883,27.414192848659177,26.70715554843782,27.31049346923828,14593700,0.0,0.0
2019-01-07 00:00:00-05:00,27.301067124027607,27.951541968345612,27.272786781723937,27.78185272216797,13419400,0.0,0.0
2019-01-08 00:00:00-05:00,28.03638575148398,28.356909473974888,27.715862028993072,28.281492233276367,8179700,0.0,0.0
2019-01-09 00:00:00-05:00,28.27206414808168,28.65857772177974,28.036385052017554,28.554880142211914,10607500,0.0,0.0
2019-01-10 00:00:00-05:00,28.404042427976297,28.884827975368548,28.29091747452442,28.818838119506836,8741400,0.0,0.0
2019-01-11 00:00:00-05:00,28.422898514902283,28.790559126029294,27.734715988619396,28.668004989624023,13390900,0.0,0.0
2019-01-14 00:00:00-05:00,28.451183234064967,28.545455240291012,28.272066602044376,28.479463577270508,7523000,0.0,0.0
2019-01-15 00:00:00-05:00,28.564306774219173,28.988529881971374,28.536026432428272,28.91311264038086,7154900,0.0,0.0
2019-01-16 00:00:00-05:00,28.903684197457086,28.94139371590997,28.536025382985468,28.554880142211914,12725700,0.0,0.0
2019-01-17 00:00:00-05:00,28.422900381215783,28.799986598590817,28.338055757545288,28.639724731445312,12818500,0.0,0.0
2019-01-18 00:00:00-05:00,28.856548122390393,29.2430616830278,28.69628627055863,29.224206924438477,13839700,0.0,0.0
2019-01-22 00:00:00-05:00,32.37287767653348,32.7593912131873,30.855103867958594,31.01536750793457,56378700,0.0,0.0
2019-01-23 00:00:00-05:00,31.486732211391327,31.609282765870088,30.600576409042638,30.741985321044922,19280600,0.0,0.0
2019-01-24 00:00:00-05:00,30.826824886352167,30.977659356166804,30.47802084918909,30.77968978881836,11974800,0.0,0.0
2019-01-25 00:00:00-05:00,31.06250480600697,31.826102756662305,30.921095913423194,31.78839683532715,17028800,0.0,0.0
2019-01-28 00:00:00-05:00,31.571570465691547,32.26917851375213,31.4867258548542,32.07120895385742,22325500,0.0,0.0
2019-01-29 00:00:00-05:00,32.401156281005115,32.457720550236836,31.618703668940213,31.760108947753906,19304100,0.0,0.0
2019-01-30 00:00:00-05:00,32.02407011396254,32.354019341877276,30.996509323372077,32.127769470214844,27338600,0.0,0.0
2019-01-31 00:00:00-05:00,31.826104077876085,32.04293201448651,30.892816855847187,31.722408294677734,24996900,0.0,0.0
2019-02-01 00:00:00-05:00,31.816674451346827,32.50485690423469,31.703549504671656,32.34459686279297,19113800,0.0,0.0
2019-02-04 00:00:00-05:00,32.57085141776226,33.183618525959794,32.24090211099604,33.04220962524414,19798500,0.0,0.0
2019-02-05 00:00:00-05:00,33.24961094805545,33.49471565250474,33.0610669313063,33.306175231933594,13738200,0.0,0.0
2019-02-06 00:00:00-05:00,33.10819994074511,33.66440277705031,32.99507497632748,33.44757843017578,11340000,0.0,0.0
2019-02-07 00:00:00-05:00,33.20247069812968,33.362730750018166,32.82538272306184,33.230751037597656,9211000,0.0,0.0
2019-02-08 00:00:00-05:00,32.99506869755129,33.29673760937759,32.910224091339074,33.24017333984375,10228000,0.0,0.0
2019-02-11 00:00:00-05:00,33.447573977295875,33.84351669431234,33.29673951276039,33.551273345947266,9638400,0.0,0.0
2019-02-12 00:00:00-05:00,33.55127681102219,34.19232425054779,33.19304357218667,34.116905212402344,12684800,0.0,0.0
2019-02-13 00:00:00-05:00,34.135764368275076,34.44686254642478,34.08862926145249,34.182899475097656,7378000,0.0,0.0
2019-02-14 00:00:00-05:00,33.9755043306552,34.46571735384857,33.91894004468661,34.239463806152344,6874500,0.0,0.0
2019-02-15 00:00:00-05:00,34.5128498923512,34.72024866262366,34.333731464869395,34.48456954956055,10273100,0.0,0.0
2019-02-19 00:00:00-05:00,34.4562733201791,35.00305039361774,34.37142872589298,34.92763137817383,12312100,0.0,0.0
2019-02-20 00:00:00-05:00,34.899358281173484,35.11618260126417,34.58826017223206,34.635398864746094,11698700,0.0,0.0
2019-02-21 00:00:00-05:00,34.5317030695793,35.00306127409267,34.40914892947607,34.86165237426758,8151600,0.0,0.0
2019-02-22 00:00:00-05:00,34.87108709411108,35.35187095680519,34.85223233139273,35.342445373535156,6820600,0.0,0.0
2019-02-25 00:00:00-05:00,35.58754045709145,35.71952016419296,35.172746578175676,35.201026916503906,10147800,0.0,0.0
2019-02-26 00:00:00-05:00,35.201037116916574,35.39900673493566,34.93707762622446,35.238746643066406,12788000,0.0,0.0
2019-02-27 00:00:00-05:00,35.30473390259322,35.84208202383125,35.14447022640783,35.42728805541992,10571100,0.0,0.0
2019-02-28 00:00:00-05:00,35.48405323119734,35.48405323119734,35.10555521954808,35.152870178222656,7462700,0.14,0.0
2019-03-01 00:00:00-05:00,36.29781929372212,37.03588640242288,35.18125419564313,35.34211349487305,17271800,0.0,0.0
2019-03-04 00:00:00-05:00,35.46513651908515,35.55976284962092,34.72706918903328,35.247501373291016,11304000,0.0,0.0
2019-03-05 00:00:00-05:00,35.20018989474105,35.474600837936,35.115028002357285,35.124488830566406,12174400,0.0,0.0
2019-03-06 00:00:00-05:00,35.14341556301238,35.521913680428064,34.82169324609672,34.83115768432617,10885400,0.0,0.0
2019-03-07 00:00:00-05:00,34.755447004192256,34.802758353377264,34.14039224553804,34.26340103149414,14928000,0.0,0.0
2019-03-08 00:00:00-05:00,34.083621851070255,34.083621851070255,33.60103662803841,33.960609436035156,16417000,0.0,0.0
2019-03-11 00:00:00-04:00,33.99845350111337,34.386412327423095,33.89436637046024,34.30125045776367,15306400,0.0,0.0
2019-03-12 00:00:00-04:00,34.48104175740716,34.528356723944924,34.16878391408382,34.32964324951172,10660900,0.0,0.0
2019-03-13 00:00:00-04:00,34.34856336781568,34.764911909366226,34.21609014445854,34.499961853027344,13247800,0.0,0.0
2019-03-14 00:00:00-04:00,34.42425990261279,34.651355795848346,34.2255464840015,34.395870208740234,10560900,0.0,0.0
2019-03-15 00:00:00-04:00,34.39586785894462,34.61350652206131,34.08361012467196,34.34855651855469,24454100,0.0,0.0
2019-03-18 00:00:00-04:00,34.35802951118598,34.613515144483195,34.23501710782996,34.3201789855957,9328100,0.0,0.0
2019-03-19 00:00:00-04:00,34.49996153921116,35.20018178296122,34.443189363788576,34.88792037963867,14686900,0.0,0.0
2019-03-20 00:00:00-04:00,34.78383440265351,34.92577206518221,34.60404982512524,34.7270622253418,11905400,0.0,0.0
2019-03-21 00:00:00-04:00,34.764906117746534,35.379960782243835,34.61350765775692,35.20017623901367,10661100,0.0,0.0
2019-03-22 00:00:00-04:00,35.06771507706856,35.427284286975116,34.52835765258349,34.67975616455078,8449100,0.0,0.0
2019-03-25 00:00:00-04:00,34.62298594378017,34.831160284863905,34.32964970040089,34.74599838256836,5482100,0.0,0.0
2019-03-26 00:00:00-04:00,34.93523100835693,35.09609392452652,34.67028456951821,34.91630935668945,7926700,0.0,0.0
2019-03-27 00:00:00-04:00,34.963626559905116,35.09609980150765,34.61351819143769,34.85007858276367,8223000,0.0,0.0
2019-03-28 00:00:00-04:00,34.935230480601724,35.417815612195724,34.651358784759374,34.802757263183594,9806800,0.0,0.0
2019-03-29 00:00:00-04:00,34.96362893355306,35.17179963750736,34.88792787056942,35.14341354370117,8636400,0.0,0.0
2019-04-01 00:00:00-04:00,35.398895154527104,35.73954267961075,35.351583800404356,35.654380798339844,6664100,0.0,0.0
2019-04-02 00:00:00-04:00,35.76793318482005,36.1275060178581,35.597609401256,35.8814811706543,7396500,0.0,0.0
2019-04-03 00:00:00-04:00,36.127500342742074,36.18427613155322,35.82470335499894,35.947715759277344,10032400,0.0,0.0
2019-04-04 00:00:00-04:00,35.843622974087936,36.12749465419629,35.79631162900725,36.00448226928711,6372500,0.0,0.0
2019-04-05 00:00:00-04:00,36.0612679834824,36.269442290735334,35.71115960188677,35.805782318115234,7907400,0.0,0.0
2019-04-08 00:00:00-04:00,35.758464264739935,35.94771327138795,35.67330239222955,35.77738952636719,6982600,0.0,0.0
2019-04-09 00:00:00-04:00,35.61652824803046,35.824702525895326,35.4556689312256,35.72061538696289,7140800,0.0,0.0
2019-04-10 00:00:00-04:00,35.82470728477275,35.82470728477275,35.44620920376226,35.69223403930664,7057400,0.0,0.0
2019-04-11 00:00:00-04:00,35.60707435329212,35.60707435329212,33.960612291601734,34.367496490478516,19483300,0.0,0.0
2019-04-12 00:00:00-04:00,34.622974892290124,34.745987291813336,34.05523146462475,34.22555160522461,14267400,0.0,0.0
2019-04-15 00:00:00-04:00,34.30125482272818,34.5094291105254,34.08361970804242,34.28232955932617,9688300,0.0,0.0
2019-04-16 00:00:00-04:00,34.38641972125656,34.604054855043756,34.32964392606742,34.43373107910156,7046300,0.0,0.0
2019-04-17 00:00:00-04:00,34.499960740677686,34.77437161428396,33.79974412275938,34.03630447387695,12860000,0.0,0.0
2019-04-18 00:00:00-04:00,34.14985588033584,34.225553323333024,33.53479746146877,34.04576873779297,12335000,0.0,0.0
2019-04-22 00:00:00-04:00,33.988995781864695,34.28233197079218,33.69566320256237,34.206634521484375,7243900,0.0,0.0
2019-04-23 00:00:00-04:00,34.13093731018635,34.812232478885846,34.10255121469906,34.69868087768555,14144300,0.0,0.0
2019-04-24 00:00:00-04:00,35.95718032079702,36.65740068370026,35.540835321810754,36.44922637939453,21206400,0.0,0.0
2019-04-25 00:00:00-04:00,36.29782825212224,36.439762325950525,35.71115947245649,36.0612678527832,7937300,0.0,0.0
2019-04-26 00:00:00-04:00,36.19373771609823,36.420837266473406,35.97610260220216,36.29782485961914,9212000,0.0,0.0
2019-04-29 00:00:00-04:00,36.28835973527748,36.3167494345518,35.84362868906122,36.1937370300293,8028100,0.0,0.0
2019-04-30 00:00:00-04:00,36.21266317946137,36.71417002687794,35.91932701061164,36.6668586730957,8321400,0.0,0.0
2019-05-01 00:00:00-04:00,36.69524142889116,36.84663991301147,35.7395391746863,35.76792526245117,9686500,0.0,0.0
2019-05-02 00:00:00-04:00,35.75846670142877,36.12750030424594,35.51244189313412,35.569217681884766,10378400,0.0,0.0
2019-05-03 00:00:00-04:00,35.90986816716996,36.24105127156328,35.82470628180809,36.22212600708008,8775000,0.0,0.0
2019-05-06 00:00:00-04:00,35.61653596948427,36.013959348873975,35.56922460779217,35.84363555908203,6504700,0.0,0.0
2019-05-07 00:00:00-04:00,35.58814418064301,35.815240124282155,35.351583800404356,35.654380798339844,7808500,0.0,0.0
2019-05-08 00:00:00-04:00,35.65438104269805,35.71115683380942,35.28534742453656,35.521907806396484,5943700,0.0,0.0
2019-05-09 00:00:00-04:00,35.247494513457255,35.81523794767647,34.97308362274725,35.59760284423828,6454700,0.0,0.0
2019-05-10 00:00:00-04:00,35.46512898743663,35.55975529787682,34.736522640358096,35.370506286621094,8920100,0.0,0.0
2019-05-13 00:00:00-04:00,34.58513317799411,34.76492140993246,33.8092152780382,33.941688537597656,12425800,0.0,0.0
2019-05-14 00:00:00-04:00,34.01738570232133,35.25695986849832,33.941684642902025,34.82168960571289,11137800,0.0,0.0
2019-05-15 00:00:00-04:00,34.660831063670344,35.18126322542359,34.55674390939464,35.048789978027344,7461000,0.0,0.0
2019-05-16 00:00:00-04:00,35.143406060688285,35.61652677471936,35.04878336173191,35.26641845703125,8123300,0.0,0.0
2019-05-17 00:00:00-04:00,34.90684492123121,35.26641766652984,34.63243404693424,34.91630935668945,9273600,0.0,0.0
2019-05-20 00:00:00-04:00,34.537809637640294,34.963618971536064,34.45264777086114,34.59458541870117,7379300,0.0,0.0
2019-05-21 00:00:00-04:00,34.73652656426104,34.88792506844295,34.481040911649366,34.61351776123047,6438600,0.0,0.0
2019-05-22 00:00:00-04:00,34.509438394277545,34.62298639561146,34.18771604914321,34.35803985595703,7066300,0.0,0.0
2019-05-23 00:00:00-04:00,34.12147072082052,34.339105838605946,33.6767360486014,34.01738357543945,8753700,0.0,0.0
2019-05-24 00:00:00-04:00,34.19717445180921,34.42427404798703,33.88491656789353,34.187713623046875,5298700,0.0,0.0
2019-05-28 00:00:00-04:00,34.28233375285052,34.70814320741988,34.197171861936646,34.27287292480469,7201400,0.0,0.0
2019-05-29 00:00:00-04:00,34.02685138274456,34.28233708028353,33.85652758438524,34.159324645996094,7874300,0.0,0.0
2019-05-30 00:00:00-04:00,34.28280932651842,34.86226442558533,34.17831694817154,34.55828857421875,6490000,0.14,0.0
2019-05-31 00:00:00-04:00,34.22580467159094,34.33029702605119,33.950329110541496,34.13081359863281,7261400,0.0,0.0
2019-06-03 00:00:00-04:00,34.05482810520188,34.282811822162046,33.67486007517258,33.83634567260742,9491500,0.0,0.0
2019-06-04 00:00:00-04:00,34.073821863155246,34.966754026332325,34.054822920994276,34.71027374267578,10785000,0.0,0.0
2019-06-05 00:00:00-04:00,35.014247805759645,35.023745464522754,34.23530933479393,34.729270935058594,11404100,0.0,0.0
2019-06-06 00:00:00-04:00,34.7197798581554,34.97626020427947,34.62478874789252,34.96676254272461,5982300,0.0,0.0
2019-06-07 00:00:00-04:00,35.08074378469607,36.097163628553226,35.061744842681826,35.63169860839844,11904800,0.0,0.0
2019-06-10 00:00:00-04:00,35.774186358329366,36.477132668956266,35.66969399640183,36.211151123046875,8884300,0.0,0.0
2019-06-11 00:00:00-04:00,36.48663781752755,36.65762469511369,35.9546782401842,36.315650939941406,7350500,0.0,0.0
2019-06-12 00:00:00-04:00,36.19215637575648,37.10408751589911,36.125661887494125,37.06608963012695,9266500,0.0,0.0
2019-06-13 00:00:00-04:00,37.1610824767689,37.465058329953585,36.97109666260897,37.04709243774414,9103300,0.0,0.0
2019-06-14 00:00:00-04:00,37.18007985140273,37.35106671456253,36.91410189701098,36.96159744262695,7550100,0.0,0.0
2019-06-17 00:00:00-04:00,36.99009654085146,37.35106923450657,36.78111540130638,37.05659103393555,11564700,0.0,0.0
2019-06-18 00:00:00-04:00,37.427063665099766,37.93052298710361,37.275075740135705,37.68354034423828,9352800,0.0,0.0
2019-06-19 00:00:00-04:00,37.78803023139783,38.20599971525819,37.61704337412364,38.120506286621094,6520000,0.0,0.0
2019-06-20 00:00:00-04:00,38.509976869196485,38.519474528848164,37.88302624552793,37.9210205078125,11852200,0.0,0.0
2019-06-21 00:00:00-04:00,37.92102618107569,38.19650546000019,37.64555052582959,38.044517517089844,20769600,0.0,0.0
2019-06-24 00:00:00-04:00,38.01602058059339,38.16800852218599,37.65504786043157,37.72154235839844,7365600,0.0,0.0
2019-06-25 00:00:00-04:00,37.78803134140878,37.78803134140878,36.971094915696554,37.06608963012695,7834000,0.0,0.0
2019-06-26 00:00:00-04:00,37.17058512651339,37.398565212941136,37.09458934858538,37.23707962036133,4739400,0.0,0.0
2019-06-27 00:00:00-04:00,37.37957164814615,37.59805772929472,37.29407819751194,37.32257843017578,8254200,0.0,0.0
2019-06-28 00:00:00-04:00,37.36057098684066,37.57905341309563,37.15158622099759,37.522056579589844,14763400,0.0,0.0
2019-07-01 00:00:00-04:00,37.96851667044789,37.987515611924614,37.598046370845765,37.892520904541016,4879400,0.0,0.0
2019-07-02 00:00:00-04:00,37.91152409684376,38.177502059985464,37.72153828445199,38.07301330566406,6368100,0.0,0.0
2019-07-03 00:00:00-04:00,38.12051338677306,38.2155044924279,37.854531768318395,37.90203094482422,3419500,0.0,0.0
2019-07-05 00:00:00-04:00,37.76902802804863,37.99701169262243,37.48405116508945,37.80702590942383,3862400,0.0,0.0
2019-07-08 00:00:00-04:00,37.721540373136705,37.80703381226297,37.427065790118135,37.560054779052734,5477000,0.0,0.0
2019-07-09 00:00:00-04:00,37.598043833032264,37.978011765886684,37.54104701244931,37.94001388549805,5962900,0.0,0.0
2019-07-10 00:00:00-04:00,38.17750620497606,38.357994376999216,37.67404682760278,38.00651931762695,5443700,0.0,0.0
2019-07-11 00:00:00-04:00,37.864032842110255,37.940025001475014,37.31307428608265,37.61705017089844,5831200,0.0,0.0
2019-07-12 00:00:00-04:00,37.712034799141506,38.092002741553756,37.61704009578038,38.05400848388672,5286700,0.0,0.0
2019-07-15 00:00:00-04:00,38.08251500516789,38.300997444306304,37.7500425159743,38.253501892089844,5660400,0.0,0.0
2019-07-16 00:00:00-04:00,38.10150865429508,38.15850185956086,37.64554489377957,37.9210205078125,7612000,0.0,0.0
2019-07-17 00:00:00-04:00,37.98751548097217,39.05143083425795,36.98059332824252,37.075584411621094,15260600,0.0,0.0
2019-07-18 00:00:00-04:00,39.051438071269715,39.896871190518375,37.06609362184203,37.77853775024414,27078000,0.0,0.0
2019-07-19 00:00:00-04:00,37.85452515237448,38.310492526126495,37.49355611503097,38.19649887084961,13045800,0.0,0.0
2019-07-22 00:00:00-04:00,38.243999315030955,39.01344028017743,38.16800715878835,38.63346862792969,9627200,0.0,0.0
2019-07-23 00:00:00-04:00,38.83295053157733,39.09892847828092,38.64296473092717,38.97543716430664,8740500,0.0,0.0
2019-07-24 00:00:00-04:00,38.82344924852206,39.117927420713706,38.73795581941337,38.97543716430664,6391500,0.0,0.0
2019-07-25 00:00:00-04:00,38.98494668200816,39.08943907562118,38.699969732677154,38.76646423339844,5249000,0.0,0.0
2019-07-26 00:00:00-04:00,38.88044744773194,39.317412268071365,38.77595507250341,39.16542434692383,8385600,0.0,0.0
2019-07-29 00:00:00-04:00,39.21293162778726,39.564406744862396,39.06094366115549,39.48841094970703,7852000,0.0,0.0
2019-07-30 00:00:00-04:00,39.23192276855346,39.421908594951525,39.01344033648307,39.307918548583984,6328000,0.0,0.0
2019-07-31 00:00:00-04:00,39.2319185218529,39.45990221358789,38.59547023954237,39.12742614746094,8815000,0.0,0.0
2019-08-01 00:00:00-04:00,39.288913777137864,39.88736777325529,38.73795532465693,39.04193115234375,10690100,0.0,0.0
2019-08-02 00:00:00-04:00,38.85195330908437,38.908946518330794,38.243997962257055,38.547977447509766,6246400,0.0,0.0
2019-08-05 00:00:00-04:00,37.997009772839256,38.148997666983526,36.61011978581316,36.866600036621094,7702800,0.0,0.0
2019-08-06 00:00:00-04:00,37.24657001434399,37.74053160347484,36.93309655074172,37.70253372192383,8461700,0.0,0.0
2019-08-07 00:00:00-04:00,37.256081984673436,37.8165382154647,36.90460691501082,37.73104476928711,5576500,0.0,0.0
2019-08-08 00:00:00-04:00,37.9970185250947,39.193923014216836,37.95902063688687,39.184425354003906,6915800,0.0,0.0
2019-08-09 00:00:00-04:00,38.94693965425462,39.02293542221357,38.17749881021978,38.2914924621582,6291100,0.0,0.0
2019-08-12 00:00:00-04:00,37.96852823437547,38.04452039974942,37.44606624383536,37.75004577636719,4205000,0.0,0.0
2019-08-13 00:00:00-04:00,37.911524250172484,38.97543973072015,37.83553209911522,38.92794418334961,5615100,0.0,0.0
2019-08-14 00:00:00-04:00,38.0825117362764,38.35799098863525,37.56955111954159,37.65504455566406,7416400,0.0,0.0
2019-08-15 00:00:00-04:00,37.902025821557366,37.959019027775064,37.09458703792021,37.465057373046875,6698100,0.0,0.0
2019-08-16 00:00:00-04:00,37.81653063923107,38.06350964333142,37.64554378113169,38.016014099121094,4102800,0.0,0.0
2019-08-19 00:00:00-04:00,38.52897807406576,38.747460495659176,38.30099436858504,38.367488861083984,6552100,0.0,0.0
2019-08-20 00:00:00-04:00,38.22500361850465,38.32949237935278,37.97802095986458,38.025516510009766,5346800,0.0,0.0
2019-08-21 00:00:00-04:00,38.44348752260153,38.50048073549042,38.215503800010936,38.357994079589844,5554900,0.0,0.0
2019-08-22 00:00:00-04:00,38.52898418416298,38.53848184587841,37.80703868871642,37.99702453613281,4950300,0.0,0.0
2019-08-23 00:00:00-04:00,37.7880330757039,37.797534359421924,36.6196252121693,36.762115478515625,7527000,0.0,0.0
2019-08-26 00:00:00-04:00,37.180084139406205,37.44606212447337,36.95210404468528,37.427066802978516,6570200,0.0,0.0
2019-08-27 00:00:00-04:00,37.53155282135786,37.769034183138274,36.771613188396145,37.04709243774414,9124900,0.0,0.0
2019-08-28 00:00:00-04:00,36.923601679084975,38.243997490967786,36.838108242590785,38.08251190185547,10721200,0.0,0.0
2019-08-29 00:00:00-04:00,38.48148551918914,38.76646610596429,38.2630030600259,38.500484466552734,7188200,0.0,0.0
2019-08-30 00:00:00-04:00,38.824569804733834,38.83410402129756,38.300300617112946,38.405155181884766,4472700,0.14,0.0
2019-09-03 00:00:00-04:00,38.176389028629835,38.490952786994306,37.74744010187781,37.88089370727539,5513600,0.0,0.0
2019-09-04 00:00:00-04:00,37.81415980164816,38.01433836364863,37.20410080718951,37.78556442260742,7488700,0.0,0.0
2019-09-05 00:00:00-04:00,38.147787458430365,38.94849077975568,38.071528267714456,38.89129638671875,7084000,0.0,0.0
2019-09-06 00:00:00-04:00,39.02474496822255,39.158198547304025,38.45281560282626,38.48141098022461,5724000,0.0,0.0
2019-09-09 00:00:00-04:00,38.63392778186478,39.47276071395196,38.51001204903342,39.46323013305664,9028900,0.0,0.0
2019-09-10 00:00:00-04:00,39.12960209049399,39.2630520420572,38.15731919679832,38.38609313964844,6707600,0.0,0.0
2019-09-11 00:00:00-04:00,38.30030522000404,38.37656078048719,37.814161931499264,38.03340530395508,6195900,0.0,0.0
2019-09-12 00:00:00-04:00,38.281235820223685,38.64345968864318,38.08106090724378,38.405155181884766,4927000,0.0,0.0
2019-09-13 00:00:00-04:00,38.51954057424789,38.89129502537929,38.32889624036972,38.48141098022461,5438100,0.0,0.0
2019-09-16 00:00:00-04:00,37.8904113654127,38.500470237045214,37.81415218833978,38.41468048095703,5754400,0.0,0.0
2019-09-17 00:00:00-04:00,38.30030531044977,38.757849583145045,37.96668041460072,38.63393020629883,6358800,0.0,0.0
2019-09-18 00:00:00-04:00,38.63392719287414,38.71971696457786,37.919013640755885,38.47188186645508,4307900,0.0,0.0
2019-09-19 00:00:00-04:00,38.510005950927734,38.89129094241704,38.44328098651116,38.510005950927734,4005200,0.0,0.0
2019-09-20 00:00:00-04:00,38.65299199061256,38.95802148195062,38.262172727570785,38.47188186645508,12088600,0.0,0.0
2019-09-23 00:00:00-04:00,38.481406250538825,38.58626080309623,38.14778143443597,38.35749053955078,3871200,0.0,0.0
2019-09-24 00:00:00-04:00,38.49095105419652,38.767381562335444,37.61398843940075,37.709312438964844,7437500,0.0,0.0
2019-09-25 00:00:00-04:00,37.0992371136538,37.65210521409015,36.55590322804568,37.40427017211914,12200900,0.0,0.0
2019-09-26 00:00:00-04:00,37.26129594779254,37.633050427721514,37.03252200216936,37.099246978759766,7360700,0.0,0.0
2019-09-27 00:00:00-04:00,36.899072177713535,37.070651728469855,36.31760854862137,36.57497787475586,10636800,0.0,0.0
2019-09-30 00:00:00-04:00,36.76562146317078,37.22316571030554,36.61310671412586,37.15644073486328,6149200,0.0,0.0
2019-10-01 00:00:00-04:00,37.16597508413729,37.62351933289799,36.670301238920246,36.73702621459961,5645100,0.0,0.0
2019-10-02 00:00:00-04:00,36.55591028717743,36.76561941904402,36.21275484808425,36.38433074951172,6159400,0.0,0.0
2019-10-03 00:00:00-04:00,36.26994574636887,36.26994574636887,35.69801637605025,36.174625396728516,7178300,0.0,0.0
2019-10-04 00:00:00-04:00,36.30807878078571,36.584512911667474,36.18415940552171,36.51778793334961,4602400,0.0,0.0
2019-10-07 00:00:00-04:00,36.26041024559593,36.40339075065492,35.99350675759117,36.05070114135742,6060400,0.0,0.0
2019-10-08 00:00:00-04:00,35.71708083904849,35.964915927537554,35.48830691131855,35.5740966796875,7128600,0.0,0.0
2019-10-09 00:00:00-04:00,35.86006401412949,36.22228791139017,35.76474365833175,36.07930374145508,6792800,0.0,0.0
2019-10-10 00:00:00-04:00,36.00304480309777,36.4701195933786,35.99351058667024,36.15555953979492,4984400,0.0,0.0
2019-10-11 00:00:00-04:00,36.63217398262861,37.165977458402836,36.63217398262861,36.746559143066406,5047000,0.0,0.0
2019-10-14 00:00:00-04:00,36.73702448603088,36.8228142559018,36.54638014895794,36.56544494628906,6894700,0.0,0.0
2019-10-15 00:00:00-04:00,36.57497959881567,37.213637653677644,36.55591479936202,37.06112289428711,4792100,0.0,0.0
2019-10-16 00:00:00-04:00,36.83234707239814,37.356616303996404,36.78468689429621,37.099246978759766,5314800,0.0,0.0
2019-10-17 00:00:00-04:00,37.328024115595575,37.53773328065854,37.16597876894788,37.26129913330078,5684500,0.0,0.0
2019-10-18 00:00:00-04:00,37.37567593734334,37.509125872082,36.92766596161183,37.00392150878906,6274300,0.0,0.0
2019-10-21 00:00:00-04:00,37.13737514987927,37.46146943926299,37.09924555436627,37.42333984375,4786900,0.0,0.0
2019-10-22 00:00:00-04:00,37.39475081040787,37.51867019873267,37.061125883655315,37.118316650390625,5295700,0.0,0.0
2019-10-23 00:00:00-04:00,36.86094184136485,37.490069272346695,36.56544656028501,37.36614990234375,6817800,0.0,0.0
2019-10-24 00:00:00-04:00,34.09661271305576,34.93544567986072,33.543744456045644,33.95362854003906,19482100,0.0,0.0
2019-10-25 00:00:00-04:00,33.88690357887919,34.31585246190066,33.74392304203108,34.16333770751953,14034400,0.0,0.0
2019-10-28 00:00:00-04:00,34.144270399774506,34.55415445385028,34.144270399774506,34.2586555480957,7941700,0.0,0.0
2019-10-29 00:00:00-04:00,34.22052518041163,34.57321479676612,34.04894566191747,34.42070007324219,8275400,0.0,0.0
2019-10-30 00:00:00-04:00,34.458833856103574,34.49695981444531,34.02035079090993,34.18239974975586,5435300,0.0,0.0
2019-10-31 00:00:00-04:00,34.020351530430865,34.18240049279936,33.48655173966021,33.60093688964844,6921500,0.0,0.0
2019-11-01 00:00:00-04:00,33.8392414065963,33.925031178147066,33.448422144251346,33.60093688964844,8236500,0.0,0.0
2019-11-04 00:00:00-05:00,33.60094135007965,33.85831069889701,33.56281174960919,33.753456115722656,7120100,0.0,0.0
2019-11-05 00:00:00-05:00,33.83924378463991,34.08707889973736,33.65813364807788,33.8201789855957,6434700,0.0,0.0
2019-11-06 00:00:00-05:00,33.96316039340463,34.00128635214839,33.620001311042564,33.83924102783203,9225800,0.0,0.0
2019-11-07 00:00:00-05:00,33.84876459311218,33.95361913946204,33.152915991980215,33.25777053833008,10966200,0.0,0.0
2019-11-08 00:00:00-05:00,33.11479726069952,33.61046745584697,33.05760286761096,33.4960823059082,10560700,0.0,0.0
2019-11-11 00:00:00-05:00,33.38169717040501,33.65813128276174,33.29590739885425,33.60093688964844,3930600,0.0,0.0
2019-11-12 00:00:00-05:00,33.63907242628097,33.71532799432835,33.33404288161345,33.42936325073242,6182600,0.0,0.0
2019-11-13 00:00:00-05:00,33.21964895558459,33.295908148118386,32.9241536751122,33.019474029541016,6190800,0.0,0.0
2019-11-14 00:00:00-05:00,32.94321601212894,33.457950978323616,32.905086418710624,33.324501037597656,6029200,0.0,0.0
2019-11-15 00:00:00-05:00,33.72485731914077,33.91550166595315,33.543743553361686,33.62000274658203,6301800,0.0,0.0
2019-11-18 00:00:00-05:00,33.49607636597452,33.743915055836815,33.36262644200453,33.45794677734375,7639100,0.0,0.0
2019-11-19 00:00:00-05:00,33.572337419680906,33.753447521443206,33.34356351134723,33.419822692871094,5307000,0.0,0.0
2019-11-20 00:00:00-05:00,33.381694113756055,33.60093381292445,33.11479424280985,33.22917938232422,9520400,0.0,0.0
2019-11-21 00:00:00-05:00,33.28637419707544,33.50561755924387,33.21964922119408,33.30543899536133,5660400,0.0,0.0
2019-11-22 00:00:00-05:00,33.32449411383264,33.581863361575955,33.14338403708176,33.47700881958008,6165800,0.0,0.0
2019-11-25 00:00:00-05:00,34.782921683257115,34.82104763452422,33.686719678041065,34.17285919189453,14172100,0.0,0.0
2019-11-26 00:00:00-05:00,34.001282170732416,34.220525496798054,33.762977685758166,34.07754135131836,8245400,0.0,0.0
2019-11-27 00:00:00-05:00,34.12519902563244,34.334908120670754,34.02034447811329,34.17285919189453,7534400,0.0,0.0
2019-11-29 00:00:00-05:00,34.15372752657622,34.306840202481936,33.93362828311763,33.99104690551758,3128900,0.14,0.0
2019-12-02 00:00:00-05:00,33.92406018865668,34.08674080899932,33.311609487729335,33.397735595703125,10174400,0.0,0.0
2019-12-03 00:00:00-05:00,33.110643817525585,33.40730120211072,32.97667069238838,33.254188537597656,7311400,0.0,0.0
2019-12-04 00:00:00-05:00,33.31161280391051,33.723103844027776,33.31161280391051,33.464725494384766,7517900,0.0,0.0
2019-12-05 00:00:00-05:00,33.43601010030835,33.57955482645252,33.27332948447271,33.2924690246582,8119400,0.0,0.0
2019-12-06 00:00:00-05:00,33.617829577433795,33.703955671929954,33.33074381261111,33.35945129394531,6547900,0.0,0.0
2019-12-09 00:00:00-05:00,33.349885974783064,33.41687254416242,33.07237175185182,33.081939697265625,7757000,0.0,0.0
2019-12-10 00:00:00-05:00,33.17763607347317,33.49343305162586,33.168068127390285,33.225486755371094,6290700,0.0,0.0
2019-12-11 00:00:00-05:00,33.20634626959018,33.48386415454031,33.1872067274735,33.416873931884766,7420700,0.0,0.0
2019-12-12 00:00:00-05:00,33.35945432723032,33.93362590908355,33.35945432723032,33.79008483886719,5800300,0.0,0.0
2019-12-13 00:00:00-05:00,33.83793663070013,34.23028811870508,33.742238919909646,33.9527702331543,6952200,0.0,0.0
2019-12-16 00:00:00-05:00,34.038893693648674,34.230285449812655,33.866641478150505,33.87621307373047,7240900,0.0,0.0
2019-12-17 00:00:00-05:00,33.914495950184595,34.40254521807419,33.75181529455134,34.354698181152344,13048600,0.0,0.0
2019-12-18 00:00:00-05:00,34.29727633224723,34.37383085404859,33.80923076059163,34.10588455200195,12129100,0.0,0.0
2019-12-19 00:00:00-05:00,33.99104186943861,34.56521340639284,33.99104186943861,34.4886589050293,7660000,0.0,0.0
2019-12-20 00:00:00-05:00,34.469521541220416,34.7757468669769,34.37382384536287,34.6322021484375,17421600,0.0,0.0
2019-12-23 00:00:00-05:00,34.6609158948705,34.91929421741936,34.61306521808825,34.651344299316406,5397900,0.0,0.0
2019-12-24 00:00:00-05:00,34.651344299316406,34.718330866218615,34.546078651186036,34.651344299316406,2129200,0.0,0.0
2019-12-26 00:00:00-05:00,34.78531119239051,34.9479954331764,34.6321985454415,34.68961715698242,4081900,0.0,0.0
2019-12-27 00:00:00-05:00,34.823593640213346,34.83316523497746,34.44081381100656,34.51736831665039,6606900,0.0,0.0
2019-12-30 00:00:00-05:00,34.61305974590557,34.65133882108196,34.17286133285771,34.25898742675781,6535800,0.0,0.0
2019-12-31 00:00:00-05:00,34.268563007476594,34.56521674837137,34.01018469571749,34.55564880371094,7437700,0.0,0.0
2020-01-02 00:00:00-05:00,34.84273818875659,34.9288643015473,34.58435985038445,34.73747253417969,4979300,0.0,0.0
2020-01-03 00:00:00-05:00,34.37382647902684,34.546078694274264,34.239853345055316,34.412105560302734,3960900,0.0,0.0
2020-01-06 00:00:00-05:00,34.2398567199707,34.278135805019645,33.93363134056808,34.2398567199707,5866000,0.0,0.0
2020-01-07 00:00:00-05:00,34.13459324995208,34.163304390826916,33.82836785091511,34.08674621582031,6867400,0.0,0.0
2020-01-08 00:00:00-05:00,34.17286972227235,34.52694577883906,34.03889657675822,34.067604064941406,6072600,0.0,0.0
2020-01-09 00:00:00-05:00,33.62739704204731,33.924054396751416,33.464716449479376,33.66567611694336,10787300,0.0,0.0
2020-01-10 00:00:00-05:00,33.694386025813714,33.71352556464089,33.292466661924294,33.388160705566406,5664400,0.0,0.0
2020-01-13 00:00:00-05:00,33.34987613557904,33.388155206929284,33.07236199452271,33.235042572021484,7987600,0.0,0.0
2020-01-14 00:00:00-05:00,33.17763174760478,33.84750105139523,33.024519076780734,33.82836151123047,7227300,0.0,0.0
2020-01-15 00:00:00-05:00,33.90492486944283,34.1824427686337,33.5412808515546,33.80923080444336,10966000,0.0,0.0
2020-01-16 00:00:00-05:00,33.86664756063126,34.44082293224562,33.751813946506296,34.37383270263672,6955900,0.0,0.0
2020-01-17 00:00:00-05:00,33.79965581438349,34.35469155704329,33.761376732028836,34.278133392333984,12082300,0.0,0.0
2020-01-21 00:00:00-05:00,34.06760065450301,34.31641102883087,33.943199117833146,34.182437896728516,6925200,0.0,0.0
2020-01-22 00:00:00-05:00,34.268564963184076,34.51737169398819,34.09631274551424,34.34511947631836,8023300,0.0,0.0
2020-01-23 00:00:00-05:00,34.27813485557991,34.431247541040285,34.01975651439783,34.07717514038086,7980200,0.0,0.0
2020-01-24 00:00:00-05:00,34.24942356765497,34.24942356765497,33.589122218844835,33.83793258666992,9243600,0.0,0.0
2020-01-27 00:00:00-05:00,33.2924724559248,34.20158063071514,33.25419337160861,33.9527702331543,10529200,0.0,0.0
2020-01-28 00:00:00-05:00,34.077172682870554,34.88101513619121,33.9623390896802,34.651344299316406,15161800,0.0,0.0
2020-01-29 00:00:00-05:00,33.55085267337073,34.000619162478216,32.87141166553713,33.091514587402344,21462300,0.0,0.0
2020-01-30 00:00:00-05:00,32.8809768201263,33.62740060726851,32.77571117824852,33.550846099853516,12420000,0.0,0.0
2020-01-31 00:00:00-05:00,33.359458496978284,33.52213912698979,32.08670634244163,32.11541748046875,18541300,0.0,0.0
2020-02-03 00:00:00-05:00,32.29723258627827,33.043656349003136,32.25895350857603,32.90968322753906,14939600,0.0,0.0
2020-02-04 00:00:00-05:00,33.58912622427691,37.5604917839211,32.852273929103845,35.7996940612793,46298200,0.0,0.0
2020-02-05 00:00:00-05:00,35.27336758085626,35.83797126806156,35.034128792218326,35.53174591064453,25896300,0.0,0.0
2020-02-06 00:00:00-05:00,36.10591384147694,37.35952627959303,35.91452210008988,36.36429214477539,24981600,0.0,0.0
2020-02-07 00:00:00-05:00,34.28770465645469,35.2829352345878,34.25899351971936,34.64177703857422,18990500,0.0,0.0
2020-02-10 00:00:00-05:00,34.62263705904869,34.670484085675966,33.96233933040634,34.46952438354492,11638100,0.0,0.0
2020-02-11 00:00:00-05:00,34.641773718544655,35.09154011202568,34.50780059493354,34.87144088745117,9380300,0.0,0.0
2020-02-12 00:00:00-05:00,35.062823803284886,35.88580552746017,35.03411632702065,35.550872802734375,11499100,0.0,0.0
2020-02-13 00:00:00-05:00,35.45518018082315,35.66571143806075,35.12024740839373,35.58915328979492,7317900,0.0,0.0
2020-02-14 00:00:00-05:00,35.95280023689719,36.58439041158807,35.70399353495571,36.49826431274414,10998300,0.0,0.0
2020-02-18 00:00:00-05:00,36.63224637961181,36.96718291269123,36.13462920370396,36.23989486694336,15223600,0.0,0.0
2020-02-19 00:00:00-05:00,36.39300163294585,36.412141173188196,35.904956133494984,35.91452407836914,7598300,0.0,0.0
2020-02-20 00:00:00-05:00,35.73270177463948,36.23988678385608,35.61786819057972,36.06763458251953,8940300,0.0,0.0
2020-02-21 00:00:00-05:00,35.732708677889626,37.26383559613295,35.55088849712777,36.55569076538086,14695200,0.0,0.0
2020-02-24 00:00:00-05:00,36.01022303425305,36.2398902241753,35.37863278622563,35.65614700317383,18961600,0.0,0.0
2020-02-25 00:00:00-05:00,35.7039970862042,36.01022243466449,34.823596471510264,34.89058303833008,15856200,0.0,0.0
2020-02-26 00:00:00-05:00,35.22551686133109,35.57958920926743,34.852301323756535,35.110679626464844,11917800,0.0,0.0
2020-02-27 00:00:00-05:00,34.59393245010516,34.88101828423786,33.50300043960976,33.53171157836914,16142600,0.0,0.0
2020-02-28 00:00:00-05:00,32.772244520121134,33.42595928032145,32.40693246771757,33.30098342895508,16824600,0.16,0.0
2020-03-02 00:00:00-05:00,33.28175556917299,34.579573234698564,32.95489819421536,34.5699577331543,13131000,0.0,0.0
2020-03-03 00:00:00-05:00,34.3488573261642,35.973529099294794,34.2815634677484,35.30059051513672,18838700,0.0,0.0
2020-03-04 00:00:00-05:00,35.877391310104805,37.05023325951248,35.7043489350368,37.002166748046875,13445400,0.0,0.0
2020-03-05 00:00:00-05:00,36.031209526109315,36.74260642718086,35.6370582297324,35.7812614440918,11816600,0.0,0.0
2020-03-06 00:00:00-05:00,34.3296226315645,35.36787679712194,34.21426228002682,34.98333740234375,12849800,0.0,0.0
2020-03-09 00:00:00-04:00,32.70495159486845,34.733389775296,32.3396395322147,34.146968841552734,15594000,0.0,0.0
2020-03-10 00:00:00-04:00,35.07946785552621,35.194828186579116,33.647062714933945,34.6468620300293,15419000,0.0,0.0
2020-03-11 00:00:00-04:00,33.791272633919306,34.35846623689748,33.03180932925981,33.483642578125,13056300,0.0,0.0
2020-03-12 00:00:00-04:00,31.47443427233838,33.68552685334159,31.25332171372221,31.75322151184082,17224800,0.0,0.0
2020-03-13 00:00:00-04:00,33.21446002113045,33.464411707090896,31.71476457432437,32.676109313964844,20972000,0.0,0.0
2020-03-16 00:00:00-04:00,29.68632775671,32.06084884375234,29.397925039087607,30.993759155273438,17099700,0.0,0.0
2020-03-17 00:00:00-04:00,31.493653435065852,32.62804057085673,31.070663051321866,31.993553161621094,14020000,0.0,0.0
2020-03-18 00:00:00-04:00,30.39772358359497,31.580175421717634,29.032613885232493,30.090091705322266,20304800,0.0,0.0
2020-03-19 00:00:00-04:00,30.253520499384432,30.272747835646037,28.311605377455116,28.455806732177734,19461400,0.0,0.0
2020-03-20 00:00:00-04:00,28.359669348181235,29.032611388196067,26.158189050846058,26.513887405395508,24947000,0.0,0.0
2020-03-23 00:00:00-04:00,26.196648747196363,26.571572674618054,25.014194950235723,25.32182502746582,18502800,0.0,0.0
2020-03-24 00:00:00-04:00,26.312009644013845,26.802293909382847,25.225688924601446,26.600412368774414,24055000,0.0,0.0
2020-03-25 00:00:00-04:00,26.59079407608136,28.340441124909148,26.07166889506254,27.27334976196289,18485800,0.0,0.0
2020-03-26 00:00:00-04:00,27.37909830228277,29.09990630140927,27.37909830228277,28.994157791137695,14333700,0.0,0.0
2020-03-27 00:00:00-04:00,28.388515764559887,29.676718086663364,28.24431256161018,29.013389587402344,14183000,0.0,0.0
2020-03-30 00:00:00-04:00,29.436380118560912,30.320817454048967,28.85957284174352,29.984346389770508,14952000,0.0,0.0
2020-03-31 00:00:00-04:00,29.83052921649458,29.974730566930127,28.782663258446103,28.89802360534668,15868300,0.0,0.0
2020-04-01 00:00:00-04:00,28.205855918927497,28.600007131018344,27.37909882350784,27.667503356933594,14341500,0.0,0.0
2020-04-02 00:00:00-04:00,27.225286117653994,28.273152160813428,27.20605878040231,28.061656951904297,12007100,0.0,0.0
2020-04-03 00:00:00-04:00,28.023201521038864,28.5231012743713,27.68673046269512,28.273151397705078,10869100,0.0,0.0
2020-04-06 00:00:00-04:00,29.484445372568516,30.10931913184703,29.109521483725345,29.9747314453125,14731900,0.0,0.0
2020-04-07 00:00:00-04:00,30.839947594470836,30.97453530000632,30.340045949404843,30.397727966308594,10602500,0.0,0.0
2020-04-08 00:00:00-04:00,30.61883542676357,31.80129104712312,30.57076708159943,31.733993530273438,12044500,0.0,0.0
2020-04-09 00:00:00-04:00,32.10891834100469,32.781856778826196,32.08007550278416,32.52229690551758,13558300,0.0,0.0
2020-04-13 00:00:00-04:00,32.96452165218589,33.72398509895866,32.647276034961735,33.416351318359375,13792100,0.0,0.0
2020-04-14 00:00:00-04:00,34.079679994698935,34.5891916563997,33.906637606340176,34.35847091674805,14582700,0.0,0.0
2020-04-15 00:00:00-04:00,33.9450844756555,35.00256223478628,33.72397562300958,34.79106521606445,10651500,0.0,0.0
2020-04-16 00:00:00-04:00,35.11793105872669,35.92546099121111,34.88721031643976,35.7812614440918,11205800,0.0,0.0
2020-04-17 00:00:00-04:00,36.0023625005672,36.185016687323746,35.560144784900224,36.0119743347168,15513600,0.0,0.0
2020-04-20 00:00:00-04:00,36.0215897811115,36.83873137043292,35.83893192739454,36.18501663208008,12664000,0.0,0.0
2020-04-21 00:00:00-04:00,36.06004464760557,36.752214131121136,35.86777860639762,36.15618133544922,12259600,0.0,0.0
2020-04-22 00:00:00-04:00,36.675309390256494,36.99255130019113,36.454196836155674,36.77144241333008,9823600,0.0,0.0
2020-04-23 00:00:00-04:00,36.97331896809176,37.33863100745976,36.204243885663814,36.444580078125,15275800,0.0,0.0
2020-04-24 00:00:00-04:00,37.34824603106013,38.001960823760015,36.79066792389821,37.82891845703125,16894800,0.0,0.0
2020-04-27 00:00:00-04:00,38.492253864538945,38.79988396464147,38.03080871438516,38.09810256958008,11090200,0.0,0.0
2020-04-28 00:00:00-04:00,38.0596430898709,38.35766131617431,37.405928292794755,37.569358825683594,16170400,0.0,0.0
2020-04-29 00:00:00-04:00,37.92505658558273,38.213459318690944,37.33863561682685,37.52128982543945,17989600,0.0,0.0
2020-04-30 00:00:00-04:00,36.17540772353117,38.415339316521965,36.09849837527488,38.290367126464844,18279500,0.0,0.0
2020-05-01 00:00:00-04:00,37.28095103129092,37.944281305640246,36.85796062973036,37.732784271240234,13894700,0.0,0.0
2020-05-04 00:00:00-04:00,37.76162452530175,38.328818133353415,37.55013115207608,38.290367126464844,10219900,0.0,0.0
2020-05-05 00:00:00-04:00,38.37688182504105,39.1844115862513,38.23268230850594,38.76142120361328,12414200,0.0,0.0
2020-05-06 00:00:00-04:00,39.06905104412024,39.501656926039935,38.63644516220056,39.367069244384766,11026000,0.0,0.0
2020-05-07 00:00:00-04:00,39.674699051775214,40.001556419884224,39.47281753044769,39.77083206176758,12588900,0.0,0.0
2020-05-08 00:00:00-04:00,40.08808118509357,40.7994743241065,40.08808118509357,40.520687103271484,8946000,0.0,0.0
2020-05-11 00:00:00-04:00,40.26112480781949,40.78986376108468,39.99194574631527,40.501461029052734,13731700,0.0,0.0
2020-05-12 00:00:00-04:00,40.6072082960631,41.20324107944283,40.164986875581754,40.37648391723633,9548400,0.0,0.0
2020-05-13 00:00:00-04:00,40.16497947226277,40.741788479390884,39.463198297409974,39.972713470458984,11041700,0.0,0.0
2020-05-14 00:00:00-04:00,39.71315855378499,40.46300639121458,39.2324861108707,40.414939880371094,11165100,0.0,0.0
2020-05-15 00:00:00-04:00,39.85735178159907,40.828312016351724,39.780446109862524,40.48222732543945,13183200,0.0,0.0
2020-05-18 00:00:00-04:00,40.95328786128666,41.24169424105134,40.69372798708158,40.857154846191406,8880900,0.0,0.0
2020-05-19 00:00:00-04:00,40.81869518080998,41.51086454000433,40.75140134502598,40.761016845703125,13600300,0.0,0.0
2020-05-20 00:00:00-04:00,41.337827131956736,41.66468451643388,40.799472714218076,41.05903625488281,9282500,0.0,0.0
2020-05-21 00:00:00-04:00,41.09749879100957,41.27054118456145,40.60721445410599,40.82832336425781,8281700,0.0,0.0
2020-05-22 00:00:00-04:00,40.61682075585086,41.81850184330207,40.578366080914904,41.77043533325195,9879700,0.0,0.0
2020-05-26 00:00:00-04:00,42.289558609877226,42.56834580979341,41.63584386417986,41.68391036987305,9548900,0.0,0.0
2020-05-27 00:00:00-04:00,41.62622934869209,42.472213804440216,41.20323895443774,42.44337463378906,8706500,0.0,0.0
2020-05-28 00:00:00-04:00,42.433761561215526,43.24129139082985,42.30878570250722,42.52028274536133,12476300,0.0,0.0
2020-05-29 00:00:00-04:00,42.74219757989387,44.04472727641158,42.33696857245777,43.938594818115234,18741500,0.16,0.0
2020-06-01 00:00:00-04:00,43.8035100315326,44.353465681555456,43.427221293653396,43.61054229736328,8931500,0.0,0.0
2020-06-02 00:00:00-04:00,43.64914130896315,44.604325991721815,43.552655591149176,44.36311721801758,9959000,0.0,0.0
2020-06-03 00:00:00-04:00,44.720107447443844,45.07709910068492,44.45960519747893,44.816593170166016,7599200,0.0,0.0
2020-06-04 00:00:00-04:00,49.534636925602165,50.05564879180083,47.08395475249348,47.624263763427734,32274600,0.0,0.0
2020-06-05 00:00:00-04:00,47.50848124613154,47.95230450228434,46.54364616029303,47.103248596191406,16332600,0.0,0.0
2020-06-08 00:00:00-04:00,46.60153461686147,47.32516094221818,46.15771135397561,47.00676727294922,12182400,0.0,0.0
2020-06-09 00:00:00-04:00,47.15148584872669,48.24175043920776,46.862036082202145,48.00054168701172,9699800,0.0,0.0
2020-06-10 00:00:00-04:00,48.482962516358654,48.56979782032652,47.34445683347052,47.51812744140625,10545900,0.0,0.0
2020-06-11 00:00:00-04:00,47.69179430587866,48.06807936668583,46.01297978779271,46.254188537597656,10563900,0.0,0.0
2020-06-12 00:00:00-04:00,46.68836846634472,47.11289825286215,45.2025215746411,45.984039306640625,10056500,0.0,0.0
2020-06-15 00:00:00-04:00,45.28936136166899,46.42786715185829,44.99991154801413,46.205955505371094,12464800,0.0,0.0
2020-06-16 00:00:00-04:00,46.784855712422896,47.016414075777895,45.868261629470915,46.42786407470703,9642900,0.0,0.0
2020-06-17 00:00:00-04:00,46.56293536503478,47.37339691024618,46.514694351265156,46.726959228515625,9692100,0.0,0.0
2020-06-18 00:00:00-04:00,46.84273903797637,47.36375082713839,46.48575111453727,46.73660659790039,11344000,0.0,0.0
2020-06-19 00:00:00-04:00,47.016414551886704,47.2286794542398,45.752479230549234,46.591888427734375,36555400,0.0,0.0
2020-06-22 00:00:00-04:00,46.64012524694474,47.58566312960038,46.32172792208897,47.43128967285156,9223500,0.0,0.0
2020-06-23 00:00:00-04:00,47.84617168021955,48.55050084571358,47.37340087240791,48.04878616333008,12289300,0.0,0.0
2020-06-24 00:00:00-04:00,48.04878690273714,48.67593118550587,46.939228753947425,47.05500793457031,13009000,0.0,0.0
2020-06-25 00:00:00-04:00,47.00676887059746,47.797933385432955,46.70766865428494,47.66285705566406,10268700,0.0,0.0
2020-06-26 00:00:00-04:00,49.10045623779297,49.476741327080944,48.31894218482677,49.10045623779297,17762400,0.0,0.0
2020-06-29 00:00:00-04:00,49.27412947915924,49.53463540425773,48.3575353754173,49.50569152832031,8933900,0.0,0.0
2020-06-30 00:00:00-04:00,49.61181585836998,50.89504822482756,49.515333826847666,50.60559844970703,10559900,0.0,0.0
2020-07-01 00:00:00-04:00,50.856455114464744,51.55113753523972,49.51533497034368,51.09766387939453,12879800,0.0,0.0
2020-07-02 00:00:00-04:00,51.7055170274679,52.95015528298817,51.666922737245386,52.44844055175781,8468400,0.0,0.0
2020-07-06 00:00:00-04:00,53.53870158660075,54.96665710008643,53.00803933449979,54.194786071777344,9889300,0.0,0.0
2020-07-07 00:00:00-04:00,53.982514284309126,55.52624867763065,53.963217144323465,54.99559020996094,10641800,0.0,0.0
2020-07-08 00:00:00-04:00,55.33329321768976,56.404260800576665,55.14997586804082,56.220943450927734,11127200,0.0,0.0
2020-07-09 00:00:00-04:00,56.6647642826009,58.401466705074874,56.462149797432254,57.137535095214844,15414600,0.0,0.0
2020-07-10 00:00:00-04:00,57.26295682966873,57.78396862257226,56.07621019953523,57.18577194213867,11750700,0.0,0.0
2020-07-13 00:00:00-04:00,58.169909026337606,58.91283249454435,55.85430331554897,56.24988555908203,13128100,0.0,0.0
2020-07-14 00:00:00-04:00,55.719228007444464,57.205074970975915,55.265754324671576,57.00246047973633,10054000,0.0,0.0
2020-07-15 00:00:00-04:00,56.751602732958006,57.05070295184548,55.22716512315863,56.33672332763672,10724800,0.0,0.0
2020-07-16 00:00:00-04:00,55.8639477579031,56.84807621524053,55.8639477579031,56.58757400512695,7231200,0.0,0.0
2020-07-17 00:00:00-04:00,56.857724625118465,57.031395212783856,55.74816294620658,56.08585739135742,6629600,0.0,0.0
2020-07-20 00:00:00-04:00,56.64546827679432,56.73230358368964,55.73852460076289,56.413909912109375,6417100,0.0,0.0
2020-07-21 00:00:00-04:00,57.00246250861814,57.455932526977456,53.731668253865124,54.60002136230469,18072000,0.0,0.0
2020-07-22 00:00:00-04:00,54.67720793531299,55.41048473391235,54.15619973484455,54.35881423950195,9139800,0.0,0.0
2020-07-23 00:00:00-04:00,54.4552935507452,54.8219319316331,52.930855955354794,53.21065902709961,9819200,0.0,0.0
2020-07-24 00:00:00-04:00,53.08522725248328,53.41327133128809,52.13968930311737,53.18170928955078,6509600,0.0,0.0
2020-07-27 00:00:00-04:00,53.77025391392404,55.36223313038952,53.57728617851104,55.217506408691406,7820700,0.0,0.0
2020-07-28 00:00:00-04:00,55.10173068378418,55.32364230518596,54.13689562696584,54.36845397949219,11066800,0.0,0.0
2020-07-29 00:00:00-04:00,53.24925216048521,54.069364270297335,51.77305551559916,52.61246109008789,14250500,0.0,0.0
2020-07-30 00:00:00-04:00,52.10109393691807,53.008037580450264,51.84058802556703,52.7957763671875,8018300,0.0,0.0
2020-07-31 00:00:00-04:00,53.123817442509605,53.86674084840565,52.41948832068561,53.33607864379883,8945500,0.0,0.0
2020-08-03 00:00:00-04:00,53.731659356294784,54.82192392733927,53.615880187859695,54.58071517944336,8830300,0.0,0.0
2020-08-04 00:00:00-04:00,54.291271624307896,54.78333590682169,53.818500804944286,54.34916305541992,6120700,0.0,0.0
2020-08-05 00:00:00-04:00,54.484239418212084,54.928062682047575,54.01146859852379,54.66755676269531,6973500,0.0,0.0
2020-08-06 00:00:00-04:00,54.02111961797157,54.54212778197952,52.911557765355184,53.14311981201172,8657100,0.0,0.0
2020-08-07 00:00:00-04:00,53.39397665653572,53.95357912239833,52.853667654535656,53.26854705810547,6369300,0.0,0.0
2020-08-10 00:00:00-04:00,53.2781922871679,53.34573044577789,52.12038949869809,52.45808029174805,6268400,0.0,0.0
2020-08-11 00:00:00-04:00,52.30371275776846,53.68342732092289,51.81164844921072,52.38090133666992,9325500,0.0,0.0
2020-08-12 00:00:00-04:00,52.48703346116234,54.22373598939149,52.47738304858355,53.53870391845703,6976200,0.0,0.0
2020-08-13 00:00:00-04:00,53.64482664407722,55.05348859686981,53.64482664407722,54.3009147644043,8205900,0.0,0.0
2020-08-14 00:00:00-04:00,54.54213196172864,55.574505317722505,53.90534088531603,54.31057357788086,6253200,0.0,0.0
2020-08-17 00:00:00-04:00,54.69649909757734,55.54555499445567,54.32021400707266,55.333290100097656,5689900,0.0,0.0
2020-08-18 00:00:00-04:00,55.54555944265928,55.844659664975076,54.93771226594513,55.0245475769043,4807100,0.0,0.0
2020-08-19 00:00:00-04:00,55.14032068128144,56.3270672672116,55.02453783346871,55.680625915527344,7208600,0.0,0.0
2020-08-20 00:00:00-04:00,55.57449764036193,56.018324562440135,55.14997154158456,55.632389068603516,6458400,0.0,0.0
2020-08-21 00:00:00-04:00,55.8253532010027,56.98315592699476,55.487658745621914,56.16304397583008,6784200,0.0,0.0
2020-08-24 00:00:00-04:00,56.40425054558872,56.886668022743365,56.018318772196956,56.71299743652344,6053100,0.0,0.0
2020-08-25 00:00:00-04:00,56.452497866837234,56.81913622100851,55.97973074749476,56.00867462158203,4983200,0.0,0.0
2020-08-26 00:00:00-04:00,55.92184200219829,56.59722731422128,55.36223955318761,56.520042419433594,6498800,0.0,0.0
2020-08-27 00:00:00-04:00,56.84808096084472,56.84808096084472,54.22373205461194,54.329864501953125,8112900,0.0,0.0
2020-08-28 00:00:00-04:00,54.28161471564255,54.28161471564255,52.14933027902264,52.361595153808594,12445500,0.0,0.0
2020-08-31 00:00:00-04:00,52.25515701400143,53.135753030839155,51.83905083876016,53.009952545166016,13417200,0.16,0.0
2020-09-01 00:00:00-04:00,53.174455588555674,53.44540704347564,51.645506798223394,51.91646194458008,10121800,0.0,0.0
2020-09-02 00:00:00-04:00,52.14870635648847,53.44540843973953,51.7809838784641,53.309932708740234,10896300,0.0,0.0
2020-09-03 00:00:00-04:00,52.874468982387405,53.629264401913815,50.890709423736844,51.442291259765625,10157700,0.0,0.0
2020-09-04 00:00:00-04:00,51.1132824048227,51.60680537655352,49.303706788495894,50.84233093261719,9971400,0.0,0.0
2020-09-08 00:00:00-04:00,49.51659903443041,50.95845594889959,49.3230643647296,49.864967346191406,12745100,0.0,0.0
2020-09-09 00:00:00-04:00,50.34880917353056,51.97452542879263,50.039149285998455,51.71324920654297,8912100,0.0,0.0
2020-09-10 00:00:00-04:00,51.98420510307782,52.835767959971335,50.34880987704594,50.62944030761719,7080700,0.0,0.0
2020-09-11 00:00:00-04:00,50.6391142435785,51.3648802354334,50.416542757612014,51.06489562988281,7224600,0.0,0.0
2020-09-14 00:00:00-04:00,51.56809344538133,51.84872384609883,50.522988652958944,50.61008071899414,7417400,0.0,0.0
2020-09-15 00:00:00-04:00,50.97780856971622,51.277793204728184,49.971412076228084,50.10688781738281,7750000,0.0,0.0
2020-09-16 00:00:00-04:00,50.10688893396787,50.56170352492566,48.66503572361979,48.79083251953125,9394000,0.0,0.0
2020-09-17 00:00:00-04:00,47.765084534361904,47.842497661725034,45.90712148896442,47.0683479309082,15676200,0.0,0.0
2020-09-18 00:00:00-04:00,47.416711999384745,47.64895874361391,46.52644081128595,47.03931427001953,10017200,0.0,0.0
2020-09-21 00:00:00-04:00,46.381288676236906,48.61664940761467,46.187750327346876,48.51987838745117,9097400,0.0,0.0
2020-09-22 00:00:00-04:00,49.00372199067064,49.39079868510719,48.21989703702019,49.27467346191406,6906300,0.0,0.0
2020-09-23 00:00:00-04:00,49.49724544437778,49.79722637863268,48.79082991641185,49.04243087768555,6502600,0.0,0.0
2020-09-24 00:00:00-04:00,48.59729676858771,50.484285579581595,48.42311261812103,50.10688781738281,8182500,0.0,0.0
2020-09-25 00:00:00-04:00,50.29075193156971,51.026193266164285,49.526277443686276,50.784271240234375,6852600,0.0,0.0
2020-09-28 00:00:00-04:00,51.48100330621954,52.60352125966736,51.38423228953802,52.293861389160156,6507200,0.0,0.0
2020-09-29 00:00:00-04:00,52.20677776333378,52.545467147903686,50.89072125511226,50.94878387451172,7029100,0.0,0.0
2020-09-30 00:00:00-04:00,51.26811626363015,51.88743607111695,49.84561354294581,50.41654968261719,9083900,0.0,0.0
2020-10-01 00:00:00-04:00,50.67782105250394,51.15198981101518,50.31977751532415,50.6875,6659600,0.0,0.0
2020-10-02 00:00:00-04:00,49.942374902334606,50.735878713502885,49.53594405019866,50.01011276245117,5456700,0.0,0.0
2020-10-05 00:00:00-04:00,50.261718951426396,50.42622784917277,49.49724815234661,50.09721374511719,4954700,0.0,0.0
2020-10-06 00:00:00-04:00,50.232683574070585,50.232683574070585,47.89088040266255,48.05538558959961,8824800,0.0,0.0
2020-10-07 00:00:00-04:00,48.91663147703406,49.458538128218066,48.36504956932759,49.294029235839844,6016400,0.0,0.0
2020-10-08 00:00:00-04:00,49.64239849965211,50.4939650562445,49.332738604788894,50.39719772338867,6746800,0.0,0.0
2020-10-09 00:00:00-04:00,50.73588038999097,54.055050411125826,50.629434123022854,53.65829849243164,12658300,0.0,0.0
2020-10-12 00:00:00-04:00,54.38407249702609,54.38407249702609,52.76803143446997,53.59056854248047,8092000,0.0,0.0
2020-10-13 00:00:00-04:00,53.755068251827346,55.95172047891426,53.60991726509596,55.72915267944336,7445700,0.0,0.0
2020-10-14 00:00:00-04:00,55.92269666417087,56.454924385444336,54.60664024626307,54.63566970825195,7513800,0.0,0.0
2020-10-15 00:00:00-04:00,53.98731057490372,54.29697041761473,53.08736050345093,53.60991287231445,6275700,0.0,0.0
2020-10-16 00:00:00-04:00,53.542176074783214,54.616306599066164,53.406696660902114,54.02602005004883,6165600,0.0,0.0
2020-10-19 00:00:00-04:00,54.606637933904985,55.061452506802915,52.177738817739396,52.564815521240234,6721200,0.0,0.0
2020-10-20 00:00:00-04:00,52.66158117965132,53.348642491126355,52.28418343600888,52.448692321777344,6407500,0.0,0.0
2020-10-21 00:00:00-04:00,52.535779908951845,52.719639291295884,50.929418052958695,51.113277435302734,6557400,0.0,0.0
2020-10-22 00:00:00-04:00,50.8907123098226,51.01651278402351,49.903670102153306,50.600406646728516,5164000,0.0,0.0
2020-10-23 00:00:00-04:00,50.77459671272403,52.206774683827554,50.77459671272403,52.051944732666016,5734700,0.0,0.0
2020-10-26 00:00:00-04:00,51.76164029344803,52.20677595242436,50.59073483718449,51.616485595703125,6597300,0.0,0.0
2020-10-27 00:00:00-04:00,51.664868381462625,52.10032877581754,51.287470603500786,51.819698333740234,4613000,0.0,0.0
2020-10-28 00:00:00-04:00,51.16166214933242,52.35191791432313,50.68749710929962,51.52938461303711,9717200,0.0,0.0
2020-10-29 00:00:00-04:00,47.707022051432965,49.158554184994436,46.478057735378464,47.68766784667969,22526800,0.0,0.0
2020-10-30 00:00:00-04:00,47.194144260499975,47.55218778733412,45.471660799660114,46.090980529785156,12565300,0.0,0.0
2020-11-02 00:00:00-05:00,46.63288681613966,47.74572957444959,45.684552949459565,46.32322692871094,10765800,0.0,0.0
2020-11-03 00:00:00-05:00,46.449027002630366,47.78443756255835,46.071629248863914,47.339298248291016,8909500,0.0,0.0
2020-11-04 00:00:00-05:00,47.871528034989694,48.03603322823309,46.02324404497537,46.27484130859375,16562100,0.0,0.0
2020-11-05 00:00:00-05:00,47.13608276331763,48.33601753731551,46.903839704761175,47.8134651184082,10325200,0.0,0.0
2020-11-06 00:00:00-05:00,48.094092126515825,49.51659091092034,47.46509347886777,49.052101135253906,10244300,0.0,0.0
2020-11-09 00:00:00-05:00,46.44901860754391,47.65862846711537,45.33617606016364,46.7586784362793,19388000,0.0,0.0
2020-11-10 00:00:00-05:00,46.01356085858067,46.10065292093252,43.894325596601064,45.036197662353516,15521800,0.0,0.0
2020-11-11 00:00:00-05:00,45.645843562961694,46.54579374509903,45.29747896564395,46.16839599609375,13142300,0.0,0.0
2020-11-12 00:00:00-05:00,46.574827603251215,46.61353232036008,44.900727693730566,45.08458709716797,10266100,0.0,0.0
2020-11-13 00:00:00-05:00,45.3845730986748,47.1457651349637,45.210388946388015,47.09737777709961,12082200,0.0,0.0
2020-11-16 00:00:00-05:00,46.884487248205495,47.5812201412717,46.458702139259316,46.98125457763672,14933300,0.0,0.0
2020-11-17 00:00:00-05:00,46.80707248594308,47.319949690463105,46.410320511561835,46.768367767333984,9892600,0.0,0.0
2020-11-18 00:00:00-05:00,46.516766975446316,47.86185285259998,46.516766975446316,46.9619026184082,12734100,0.0,0.0
2020-11-19 00:00:00-05:00,47.078020248594584,48.43278116386271,46.99092818542876,48.171504974365234,12012200,0.0,0.0
2020-11-20 00:00:00-05:00,48.19086460773149,48.26828142435381,47.37800649038213,47.407039642333984,10521400,0.0,0.0
2020-11-23 00:00:00-05:00,47.590899216848854,48.71341722187497,47.513482399946426,48.287635803222656,9416200,0.0,0.0
2020-11-24 00:00:00-05:00,48.306983739960735,49.63271897294017,48.21989536274515,48.897274017333984,7221600,0.0,0.0
2020-11-25 00:00:00-05:00,49.11016803949138,49.38111950948393,48.43278567307308,48.819862365722656,4438900,0.0,0.0
2020-11-27 00:00:00-05:00,49.29402228579753,50.25203496967954,49.25531757372769,49.68109893798828,3604000,0.0,0.0
2020-11-30 00:00:00-05:00,49.535494227955226,49.72963761175231,47.91440493465021,48.953067779541016,10743200,0.16,0.0
2020-12-01 00:00:00-05:00,49.021017267696685,49.95290106367504,48.7103893357039,49.04043197631836,7160300,0.0,0.0
2020-12-02 00:00:00-05:00,49.04043268857158,50.030560624795385,48.88511872031943,49.84612274169922,9281900,0.0,0.0
2020-12-03 00:00:00-05:00,49.74905688836917,49.797591813030635,48.642444312987195,48.81717300415039,5354200,0.0,0.0
2020-12-04 00:00:00-05:00,48.56478018282998,49.690807346056644,48.18620262752626,49.47725296020508,4791000,0.0,0.0
2020-12-07 00:00:00-05:00,49.41900985899945,49.51607969976329,48.44829663945283,48.564781188964844,5132200,0.0,0.0
2020-12-08 00:00:00-05:00,48.44829349166645,48.75892140550106,47.8367431662522,48.42887878417969,7091500,0.0,0.0
2020-12-09 00:00:00-05:00,48.49683160553957,48.71038969899375,47.778505896065255,48.0503044128418,6794500,0.0,0.0
2020-12-10 00:00:00-05:00,47.953237321318795,48.380349829737995,47.49700089659157,48.147377014160156,4344000,0.0,0.0
2020-12-11 00:00:00-05:00,47.99206177365083,48.15708495179085,47.24461212637738,47.69114303588867,4549500,0.0,0.0
2020-12-14 00:00:00-05:00,47.78821296136785,49.02101923601702,47.78821296136785,48.118255615234375,9127400,0.0,0.0
2020-12-15 00:00:00-05:00,48.496833750610534,50.57415954180423,48.23474072513602,50.55474853515625,7776100,0.0,0.0
2020-12-16 00:00:00-05:00,50.63239782952972,53.2824442885272,50.63239782952972,52.07876205444336,12846700,0.0,0.0
2020-12-17 00:00:00-05:00,52.059349504508106,52.37968293220142,50.90419843655078,51.496334075927734,6195700,0.0,0.0
2020-12-18 00:00:00-05:00,51.54487201084086,51.70018598247178,50.865375699316346,51.506046295166016,10943100,0.0,0.0
2020-12-21 00:00:00-05:00,51.07893298125644,51.137177112524526,49.67139795091884,50.05968475341797,6082300,0.0,0.0
2020-12-22 00:00:00-05:00,50.19558349121569,50.49650594511095,49.58403678278278,50.108219146728516,6215900,0.0,0.0
2020-12-23 00:00:00-05:00,50.47709171008032,50.47709171008032,49.632572174072266,49.632572174072266,4739400,0.0,0.0
2020-12-24 00:00:00-05:00,49.72963764879032,49.739346854624785,48.47741671049238,48.65214538574219,2718500,0.0,0.0
2020-12-28 00:00:00-05:00,49.02102244361571,49.06955736880599,48.46771614989627,48.768638610839844,6187400,0.0,0.0
2020-12-29 00:00:00-05:00,49.166623079277365,49.613150244563315,48.82687125118661,49.3704719543457,4796700,0.0,0.0
2020-12-30 00:00:00-05:00,49.525789781451905,50.00143719377406,48.99189824185521,49.06955337524414,8618900,0.0,0.0
2020-12-31 00:00:00-05:00,49.12780442229584,49.32194783757945,48.53566867202076,48.77834701538086,3597200,0.0,0.0
2021-01-04 00:00:00-05:00,49.00160556837597,50.38002034135048,48.97248535514363,49.99173355102539,7843500,0.0,0.0
2021-01-05 00:00:00-05:00,49.84612500634311,50.74888864500401,49.56462097189337,50.50621032714844,10002400,0.0,0.0
2021-01-06 00:00:00-05:00,49.99173367593452,52.70002460262688,49.894663829599345,51.66136169433594,9911400,0.0,0.0
2021-01-07 00:00:00-05:00,51.85549995410269,52.64177901840886,51.4575076703624,51.506046295166016,7348800,0.0,0.0
2021-01-08 00:00:00-05:00,51.80696808743493,52.95241008437833,51.67106881711578,52.88446044921875,6298300,0.0,0.0
2021-01-11 00:00:00-05:00,52.59324134874659,52.81650493986511,51.90403586707935,52.350563049316406,6956100,0.0,0.0
2021-01-12 00:00:00-05:00,52.39910250005257,55.04914931464748,52.30203265307674,54.398773193359375,11825900,0.0,0.0
2021-01-13 00:00:00-05:00,54.146387440881085,54.719108443952535,53.738689626649254,54.07843780517578,8185100,0.0,0.0
2021-01-14 00:00:00-05:00,54.19492216054971,54.19492216054971,53.36981368181101,53.65132141113281,6937900,0.0,0.0
2021-01-15 00:00:00-05:00,53.670734539273894,54.078432312093334,52.7194360330515,53.79692459106445,9710600,0.0,0.0
2021-01-19 00:00:00-05:00,53.923120890873875,55.524799252207416,53.81634183972134,55.311241149902344,8942400,0.0,0.0
2021-01-20 00:00:00-05:00,55.621870426540305,55.854843243984924,54.476428455307,54.52496337890625,4798200,0.0,0.0
2021-01-21 00:00:00-05:00,54.65116023948948,54.81618343265084,53.69986161172452,54.748233795166016,5265800,0.0,0.0
2021-01-22 00:00:00-05:00,54.55408894618105,54.91325183525603,54.01048815767985,54.80647277832031,3317000,0.0,0.0
2021-01-25 00:00:00-05:00,55.33065922499745,56.67024464306791,55.15593053120662,55.57333755493164,9818900,0.0,0.0
2021-01-26 00:00:00-05:00,55.41802156509511,57.573006241827265,55.30153700777852,57.437103271484375,8394700,0.0,0.0
2021-01-27 00:00:00-05:00,56.92262482934681,58.77668700311862,56.349903859282364,56.641117095947266,10645100,0.0,0.0
2021-01-28 00:00:00-05:00,56.30137001300471,57.13618402291528,54.30169933119514,54.78705596923828,11679600,0.0,0.0
2021-01-29 00:00:00-05:00,54.57349933265417,55.89366992656904,53.69015043569306,54.855003356933594,10923300,0.0,0.0
2021-02-01 00:00:00-05:00,55.16563361641705,56.98086628605731,54.99090494201563,56.75760269165039,7476200,0.0,0.0
2021-02-02 00:00:00-05:00,56.79642380849876,57.05851679888585,55.42771843846179,55.65098571777344,8580900,0.0,0.0
2021-02-03 00:00:00-05:00,56.39843894255861,57.077938965367906,55.981031944389066,56.3401985168457,10673300,0.0,0.0
2021-02-04 00:00:00-05:00,62.08681605281073,62.950750217650814,58.89316870165694,59.32999038696289,29410700,0.0,0.0
2021-02-05 00:00:00-05:00,59.36882306588628,60.98020693567512,58.47576864061939,60.40748596191406,12711700,0.0,0.0
2021-02-08 00:00:00-05:00,60.766647058095,62.1838874931402,60.72782134293955,61.970333099365234,9787900,0.0,0.0
2021-02-09 00:00:00-05:00,61.999455122069634,62.03828454133617,60.300706910419706,60.40748596191406,5036400,0.0,0.0
2021-02-10 00:00:00-05:00,60.71811759324854,61.368497444994674,59.9512531796141,60.49485397338867,4470900,0.0,0.0
2021-02-11 00:00:00-05:00,60.76664577221191,61.13551783071151,59.8638821861069,60.48514175415039,3660100,0.0,0.0
2021-02-12 00:00:00-05:00,60.23276222757445,61.33937484676144,60.12598316730596,61.16464614868164,5621800,0.0,0.0
2021-02-16 00:00:00-05:00,62.10623609248246,62.1256508027156,60.980208819802336,61.028743743896484,5559800,0.0,0.0
2021-02-17 00:00:00-05:00,60.747239409596574,61.387910032286534,60.23275884834654,61.20347213745117,4178700,0.0,0.0
2021-02-18 00:00:00-05:00,60.863726504435476,61.49468794686742,60.3977845506007,60.96079635620117,5962500,0.0,0.0
2021-02-19 00:00:00-05:00,61.33936850146158,61.504391678344895,60.05802731674416,60.1648063659668,5462500,0.0,0.0
2021-02-22 00:00:00-05:00,60.28128525409216,60.465723122865334,59.174672853360356,59.757102966308594,5252900,0.0,0.0
2021-02-23 00:00:00-05:00,58.90287918621781,59.92212733874168,58.068065214615196,59.572669982910156,5826500,0.0,0.0
2021-02-24 00:00:00-05:00,59.20380196839271,59.26204239272156,57.10706152407994,57.640953063964844,8050000,0.0,0.0
2021-02-25 00:00:00-05:00,57.6603691663264,58.213675428682954,55.1850473891787,55.311241149902344,7868300,0.0,0.0
2021-02-26 00:00:00-05:00,55.83708850271356,56.148700836742044,54.775657829081545,54.941200256347656,9014000,0.18,0.0
2021-03-01 00:00:00-05:00,55.60337788060797,57.16144327907424,55.04831817360104,56.947208404541016,6153700,0.0,0.0
2021-03-02 00:00:00-05:00,57.103011937384764,57.122488171871794,55.39888042424454,55.49626159667969,7646700,0.0,0.0
2021-03-03 00:00:00-05:00,55.24307595326085,55.457310824460954,53.05204965504458,53.16890335083008,11055500,0.0,0.0
2021-03-04 00:00:00-05:00,53.04230807502295,53.451297826608915,51.08498936468541,51.941925048828125,9940400,0.0,0.0
2021-03-05 00:00:00-05:00,52.46777904488365,52.70148644350795,50.15989526651788,52.350921630859375,8395000,0.0,0.0
2021-03-08 00:00:00-05:00,52.45803858138335,53.743440405988146,52.04904878024187,52.0880012512207,7622100,0.0,0.0
2021-03-09 00:00:00-05:00,53.168904703120404,55.47678847053258,52.896244834448765,54.69775390625,8407000,0.0,0.0
2021-03-10 00:00:00-05:00,55.29176273791848,55.29176273791848,53.100736516803494,53.88950729370117,7202600,0.0,0.0
2021-03-11 00:00:00-05:00,54.48352270278513,55.09701112154082,54.00636421826135,54.76592254638672,5888000,0.0,0.0
2021-03-12 00:00:00-05:00,54.22059823799241,54.62958803422558,53.59737356865881,54.33745193481445,5025800,0.0,0.0
2021-03-15 00:00:00-04:00,54.38613562467156,56.19738447373688,54.152428252689276,56.15843200683594,5860100,0.0,0.0
2021-03-16 00:00:00-04:00,55.79813577539086,56.66480780758696,55.5644283833015,55.91498947143555,5873600,0.0,0.0
2021-03-17 00:00:00-04:00,55.24307639788421,58.16444481901851,55.233340137620395,57.45357894897461,6788400,0.0,0.0
2021-03-18 00:00:00-04:00,56.7914014971685,58.54422179726145,56.479789164472514,57.356201171875,6547300,0.0,0.0
2021-03-19 00:00:00-04:00,57.60938427499275,58.456580064631936,56.976419640437776,58.16444396972656,10317900,0.0,0.0
2021-03-22 00:00:00-04:00,58.34945782828598,59.255082248269204,57.99889677207361,58.70976257324219,6583900,0.0,0.0
2021-03-23 00:00:00-04:00,58.81688161261539,59.43036626384808,58.43710062388953,58.72924041748047,5959400,0.0,0.0
2021-03-24 00:00:00-04:00,59.02137469147378,59.30377450212956,56.07079407001367,56.12921905517578,7141900,0.0,0.0
2021-03-25 00:00:00-04:00,56.2168675879712,56.8985209833234,55.486525460389316,56.56743240356445,5705500,0.0,0.0
2021-03-26 00:00:00-04:00,56.62585507375694,59.33298841599131,56.518737645444915,59.23561096191406,7409300,0.0,0.0
2021-03-29 00:00:00-04:00,59.28429753280301,59.57643359912161,57.726232321251096,58.28129196166992,7090300,0.0,0.0
2021-03-30 00:00:00-04:00,57.9696810176646,59.04085157215952,57.50226255768401,58.738975524902344,5400600,0.0,0.0
2021-03-31 00:00:00-04:00,59.24535134895669,61.0273841427613,59.15771014829666,59.63486862182617,8516800,0.0,0.0
2021-04-01 00:00:00-04:00,59.79066973669942,61.582442354041945,59.78092976260894,61.455848693847656,5210000,0.0,0.0
2021-04-05 00:00:00-04:00,61.689556599186346,62.303044957278715,60.91052582724224,62.02064514160156,6672800,0.0,0.0
2021-04-06 00:00:00-04:00,61.96221626262828,62.04985745113542,60.608649684904684,60.881309509277344,6396900,0.0,0.0
2021-04-07 00:00:00-04:00,61.04685984558229,61.04685984558229,59.81988676175237,60.1412353515625,5848100,0.0,0.0
2021-04-08 00:00:00-04:00,60.667080657816456,61.007909186647844,60.14123347485046,60.55996322631836,3948400,0.0,0.0
2021-04-09 00:00:00-04:00,60.45284527190412,60.95921247032578,60.22887045008365,60.83262252807617,3801000,0.0,0.0
2021-04-12 00:00:00-04:00,60.83262652623908,61.23188004162352,60.50153797338039,60.9981689453125,5003600,0.0,0.0
2021-04-13 00:00:00-04:00,61.3682164358145,62.40043467170584,61.27083525428952,62.147247314453125,5264900,0.0,0.0
2021-04-14 00:00:00-04:00,62.264096987724145,62.70230298944445,60.71577159145373,61.14424133300781,9522800,0.0,0.0
2021-04-15 00:00:00-04:00,61.67008239965796,62.84836664228288,61.377942617767395,62.6730842590332,4677400,0.0,0.0
2021-04-16 00:00:00-04:00,62.82889217262833,63.28657440376548,62.60492475915095,63.2281494140625,4650500,0.0,0.0
2021-04-19 00:00:00-04:00,62.936013993343636,63.403436231818624,61.933011976605556,62.11803436279297,5285500,0.0,0.0
2021-04-20 00:00:00-04:00,61.96222488758876,62.12776731408333,59.60565244343064,60.17045211791992,5506000,0.0,0.0
2021-04-21 00:00:00-04:00,59.829620828602195,60.248350577786574,59.28430112898485,60.160709381103516,5091900,0.0,0.0
2021-04-22 00:00:00-04:00,60.228875262908005,60.2775677065844,58.9434735017437,59.147972106933594,6849100,0.0,0.0
2021-04-23 00:00:00-04:00,59.284298402128655,59.566694498707676,58.855828698180915,59.31351089477539,5072900,0.0,0.0
2021-04-26 00:00:00-04:00,59.401157963152436,59.99517013713788,59.177186829712554,59.96595764160156,4539300,0.0,0.0
2021-04-27 00:00:00-04:00,60.1022818669572,60.67681775112841,59.77119332837189,60.08280563354492,5577600,0.0,0.0
2021-04-28 00:00:00-04:00,60.452846583767545,61.22213737193585,60.199659264350785,60.686553955078125,7814100,0.0,0.0
2021-04-29 00:00:00-04:00,55.788400489609984,55.83708922091969,53.50973294602228,54.60037612915039,31082000,0.0,0.0
2021-04-30 00:00:00-04:00,54.26928812038567,55.39888378620118,54.20112315290032,54.32771682739258,10069300,0.0,0.0
2021-05-03 00:00:00-04:00,54.6977519166041,57.30750795376867,54.64906318678553,56.625858306884766,12472600,0.0,0.0
2021-05-04 00:00:00-04:00,56.002627459705785,56.810874454872625,55.33071410260135,56.17790985107422,9736900,0.0,0.0
2021-05-05 00:00:00-04:00,55.89551390470861,57.33672179308709,55.88577393032037,56.713497161865234,7002800,0.0,0.0
2021-05-06 00:00:00-04:00,56.62586024999296,57.34646239134387,56.24607922906726,57.278297424316406,7583000,0.0,0.0
2021-05-07 00:00:00-04:00,57.550950069883946,58.43709824474302,56.86930048515515,58.21312713623047,10347500,0.0,0.0
2021-05-10 00:00:00-04:00,57.99889523649367,60.66707598506312,57.70675545865054,59.82961654663086,11628700,0.0,0.0
2021-05-11 00:00:00-04:00,58.46631875233096,59.391419461425244,57.58990677219703,58.84609603881836,11344500,0.0,0.0
2021-05-12 00:00:00-04:00,58.125488130656905,58.84609392338583,56.713496468006284,56.752445220947266,8763100,0.0,0.0
2021-05-13 00:00:00-04:00,57.05432377401327,57.81387835297623,56.53821655648325,57.20039367675781,6389300,0.0,0.0
2021-05-14 00:00:00-04:00,57.882041023769425,59.4498425636367,57.74571110112215,59.26482391357422,6565200,0.0,0.0
2021-05-17 00:00:00-04:00,59.216138474831276,60.18018796121252,58.953214874533124,60.07307052612305,6892500,0.0,0.0
2021-05-18 00:00:00-04:00,60.082805284180964,61.04685468685695,59.099275933494276,59.68355178833008,6110600,0.0,0.0
2021-05-19 00:00:00-04:00,58.81688200910882,58.81688200910882,57.52174030724105,58.222869873046875,8050200,0.0,0.0
2021-05-20 00:00:00-04:00,58.5344794837542,58.69028563398962,57.7943974841022,57.9112548828125,8104600,0.0,0.0
2021-05-21 00:00:00-04:00,58.242347091026254,59.77119619751685,58.154705893819894,59.420631408691406,11192200,0.0,0.0
2021-05-24 00:00:00-04:00,59.63486802684713,60.326257650316016,59.33299195764951,59.371944427490234,5735100,0.0,0.0
2021-05-25 00:00:00-04:00,59.634873344584804,60.219145585448196,59.264832277524754,59.69329833984375,6069900,0.0,0.0
2021-05-26 00:00:00-04:00,59.58616920823598,60.51126983707886,59.58616920823598,59.82961654663086,6710700,0.0,0.0
2021-05-27 00:00:00-04:00,59.59591717703177,60.49180171944975,57.76519190658416,57.95021057128906,19669700,0.0,0.0
2021-05-28 00:00:00-04:00,58.56555472599824,59.99159971577766,58.27253234434218,59.46416091918945,10887300,0.18,0.0
2021-06-01 00:00:00-04:00,60.08927351449061,60.646017131373114,59.31764508899325,59.9427604675293,5640600,0.0,0.0
2021-06-02 00:00:00-04:00,59.96230265440894,62.091604485086194,59.60090848343549,61.935325622558594,10598300,0.0,0.0
2021-06-03 00:00:00-04:00,61.51532048460906,62.77531708128356,61.134391021011076,62.57997131347656,7219200,0.0,0.0
2021-06-04 00:00:00-04:00,62.882755530997564,64.35764057658248,62.6483391339919,63.71299362182617,8978000,0.0,0.0
2021-06-07 00:00:00-04:00,63.79113198982311,64.19160050465447,63.28322851819376,63.92787551879883,6123400,0.0,0.0
2021-06-08 00:00:00-04:00,63.99625794695425,64.40649605420265,63.74230989480604,64.2697525024414,5712300,0.0,0.0
2021-06-09 00:00:00-04:00,64.67997322634942,64.80694723292712,63.8790436381714,64.42601776123047,6124100,0.0,0.0
2021-06-10 00:00:00-04:00,64.77765455291333,65.42230909791502,64.2404424320786,65.1976547241211,5789000,0.0,0.0
2021-06-11 00:00:00-04:00,65.34415500204518,65.85205844703884,65.2757832411429,65.56880187988281,5849500,0.0,0.0
2021-06-14 00:00:00-04:00,65.68603075680028,65.6958002828682,63.6544015486388,64.35765838623047,6944300,0.0,0.0
2021-06-15 00:00:00-04:00,64.4650884060152,64.80694723292712,63.947415403553784,64.42601776123047,5011400,0.0,0.0
2021-06-16 00:00:00-04:00,63.918116269827074,64.80694924742711,63.78137273481168,64.55299377441406,5626000,0.0,0.0
2021-06-17 00:00:00-04:00,64.14275439825185,64.7581076736392,63.73252384930211,63.810665130615234,6398300,0.0,0.0
2021-06-18 00:00:00-04:00,63.33206398601513,63.419974802440755,61.671602518049426,61.78881072998047,11438700,0.0,0.0
2021-06-21 00:00:00-04:00,61.90603018045334,63.45905314943763,61.88649485509716,62.90230941772461,6483600,0.0,0.0
2021-06-22 00:00:00-04:00,62.78509461073093,63.615325407714984,61.935328489278966,63.38090896606445,5311100,0.0,0.0
2021-06-23 00:00:00-04:00,63.50788134950718,64.3967218229713,63.38090733271122,63.781375885009766,4462000,0.0,0.0
2021-06-24 00:00:00-04:00,63.88881637919741,65.19764951155028,63.6250913766127,65.02183532714844,5522300,0.0,0.0
2021-06-25 00:00:00-04:00,65.19765069711204,66.60416419790295,65.19765069711204,66.32090759277344,8999200,0.0,0.0
2021-06-28 00:00:00-04:00,66.67253118872125,67.36601836454925,65.9985756092424,67.2195053100586,5413400,0.0,0.0
2021-06-29 00:00:00-04:00,67.39531618586544,68.99717527876373,67.248803138547,68.85066223144531,6513000,0.0,0.0
2021-06-30 00:00:00-04:00,68.59672563507698,69.01672579949717,68.0692830482262,68.57718658447266,7299800,0.0,0.0
2021-07-01 00:00:00-04:00,68.57717307103606,69.12414714874309,67.42461522732273,68.17671203613281,8519800,0.0,0.0
2021-07-02 00:00:00-04:00,68.36229975005689,68.67485748295009,67.74695380928831,68.45021057128906,4908800,0.0,0.0
2021-07-06 00:00:00-04:00,68.51858125565019,68.51858125565019,67.28788194167012,67.41485595703125,6112100,0.0,0.0
2021-07-07 00:00:00-04:00,67.55161187008508,68.87997672160377,67.38555974317624,68.44044494628906,6019500,0.0,0.0
2021-07-08 00:00:00-04:00,67.06322869141944,67.67857456423435,66.7897341848717,67.05345916748047,5581800,0.0,0.0
2021-07-09 00:00:00-04:00,67.22927387326756,68.3232221003058,66.98508793659461,67.84461975097656,5263600,0.0,0.0
2021-07-12 00:00:00-04:00,68.19625093145194,68.616251058071,67.24880826545336,67.36602020263672,5628800,0.0,0.0
2021-07-13 00:00:00-04:00,67.21949870351851,67.85438357593719,66.90694102890724,67.141357421875,4491800,0.0,0.0
2021-07-14 00:00:00-04:00,68.04974294025946,68.67485841452557,66.37951183383305,66.44788360595703,6484100,0.0,0.0
2021-07-15 00:00:00-04:00,66.4771870691161,67.03393079085289,66.06695642193415,66.55532836914062,4578000,0.0,0.0
2021-07-16 00:00:00-04:00,66.81903756109408,67.19996699349748,66.55531259899155,66.5943832397461,4278900,0.0,0.0
2021-07-19 00:00:00-04:00,66.0376463072416,67.27810760540883,65.71531907749456,66.93624877929688,6464400,0.0,0.0
2021-07-20 00:00:00-04:00,67.10229474238255,67.99113515961744,66.98509025797438,67.95206451416016,6223900,0.0,0.0
2021-07-21 00:00:00-04:00,67.79578174459881,68.44042869209152,67.61996758583483,68.23531341552734,6082500,0.0,0.0
2021-07-22 00:00:00-04:00,68.22555238715239,70.42322591935678,67.99113596360044,70.3841552734375,8802200,0.0,0.0
2021-07-23 00:00:00-04:00,70.44276797612076,72.05438934031397,69.99346670681,71.82974243164062,6700500,0.0,0.0
2021-07-26 00:00:00-04:00,71.19485364398346,72.24973871657262,71.19485364398346,71.5562515258789,7653700,0.0,0.0
2021-07-27 00:00:00-04:00,71.39020099615587,71.5367140570229,69.41718179263304,70.60881042480469,8159400,0.0,0.0
2021-07-28 00:00:00-04:00,70.89206654401771,71.85904081607892,70.54043818109295,71.19485473632812,5141000,0.0,0.0
2021-07-29 00:00:00-04:00,71.4390490189123,72.40602340377208,71.35114564390898,71.70277404785156,4963100,0.0,0.0
2021-07-30 00:00:00-04:00,70.3841414873441,70.3939110099013,66.49670612935154,66.6236801147461,11995300,0.0,0.0
2021-08-02 00:00:00-04:00,67.2097421090172,67.74695420870282,66.00835134348637,67.03392791748047,6785100,0.0,0.0
2021-08-03 00:00:00-04:00,67.15114072962406,67.18044185326453,66.06695444314136,66.42835235595703,5997800,0.0,0.0
2021-08-04 00:00:00-04:00,66.34043018784723,67.10228908006684,66.14508442900842,66.41857147216797,6715600,0.0,0.0
2021-08-05 00:00:00-04:00,66.12555502642735,66.30136921581017,64.05486285365645,65.71532440185547,9926200,0.0,0.0
2021-08-06 00:00:00-04:00,65.69578624655618,65.71531784255403,63.75206083240016,63.96694564819336,8888300,0.0,0.0
2021-08-09 00:00:00-04:00,64.21113732239672,64.77765053248642,63.556720744515886,63.83020782470703,7186400,0.0,0.0
2021-08-10 00:00:00-04:00,63.839973891575056,66.00834626987192,63.830204367250545,65.74462127685547,7358900,0.0,0.0
2021-08-11 00:00:00-04:00,65.65672731823616,66.63347123561077,65.39300228744477,66.43811798095703,10104400,0.0,0.0
2021-08-12 00:00:00-04:00,65.6078868504972,67.43440065059129,64.81672666556263,67.28788757324219,10677700,0.0,0.0
2021-08-13 00:00:00-04:00,67.04369713509253,72.42555782448612,66.99485696190357,72.29857635498047,17907600,0.0,0.0
2021-08-16 00:00:00-04:00,72.0055526905752,74.76973937785384,71.8004373909064,73.49996948242188,12691700,0.0,0.0
2021-08-17 00:00:00-04:00,72.3181160817592,73.00183380101763,70.9702122415222,71.1460189819336,9422600,0.0,0.0
2021-08-18 00:00:00-04:00,71.2827664185919,72.41578536135755,70.67718257465401,71.1362533569336,6536400,0.0,0.0
2021-08-19 00:00:00-04:00,70.67718257465401,71.83951009132241,70.38415645133738,71.1362533569336,5607100,0.0,0.0
2021-08-20 00:00:00-04:00,71.2046217980187,72.12275586770915,71.11671098434628,71.65392303466797,5398700,0.0,0.0
2021-08-23 00:00:00-04:00,71.70276527091839,71.76136751374727,70.11066812240564,71.49764251708984,5044700,0.0,0.0
2021-08-24 00:00:00-04:00,71.81997462803422,72.27904543323525,70.93114159299827,71.1460189819336,6132300,0.0,0.0
2021-08-25 00:00:00-04:00,71.15577865013799,72.75763775789954,71.01903512522883,72.43531799316406,5052500,0.0,0.0
2021-08-26 00:00:00-04:00,72.6111351495373,74.19346288923795,72.04462937287198,73.88090515136719,5539700,0.0,0.0
2021-08-27 00:00:00-04:00,73.54881693499861,74.79904790551821,73.44137451234792,74.63300323486328,5093200,0.0,0.0
2021-08-30 00:00:00-04:00,74.6525346559315,76.01997757117057,74.2716051408815,75.74649047851562,5541700,0.0,0.0
2021-08-31 00:00:00-04:00,75.86396184345067,76.08913885177827,74.96326874874168,75.12969970703125,6806300,0.18,0.0
2021-09-01 00:00:00-04:00,75.44298674342205,75.44298674342205,74.30733182399405,74.55208587646484,5740200,0.0,0.0
2021-09-02 00:00:00-04:00,74.70872551173413,75.59963385903163,74.52271750867611,74.88494873046875,5031000,0.0,0.0
2021-09-03 00:00:00-04:00,74.70872564827272,75.33529543396291,74.38565597108632,74.92411041259766,4436500,0.0,0.0
2021-09-07 00:00:00-04:00,74.80662777778763,74.85557410381925,73.0835572584442,73.14229583740234,6041300,0.0,0.0
2021-09-08 00:00:00-04:00,73.24999358058157,73.41642454602858,72.13391568277062,72.37866973876953,6351300,0.0,0.0
2021-09-09 00:00:00-04:00,72.28076297941472,72.53530179640623,71.40943921753525,71.46817779541016,5164200,0.0,0.0
2021-09-10 00:00:00-04:00,72.42761548149504,72.7115235818895,70.95909130884696,71.03740692138672,5393000,0.0,0.0
2021-09-13 00:00:00-04:00,71.42901904089759,71.5954499975709,70.36189499826219,71.14510345458984,5768600,0.0,0.0
2021-09-14 00:00:00-04:00,71.22342266354465,71.48775372920592,69.5395137436278,69.89196014404297,6576700,0.0,0.0
2021-09-15 00:00:00-04:00,70.44999928413323,73.41641694044543,70.35209916573585,72.4374008178711,10771100,0.0,0.0
2021-09-16 00:00:00-04:00,71.88916003378793,73.53390755242687,71.77167540056341,73.13250732421875,6630300,0.0,0.0
2021-09-17 00:00:00-04:00,73.31851724922693,73.52410973984937,72.18286242446011,72.55488586425781,8874800,0.0,0.0
2021-09-20 00:00:00-04:00,71.15488879099242,71.46817363693026,69.26538746318926,71.34090423583984,9841500,0.0,0.0
2021-09-21 00:00:00-04:00,71.8695831053552,72.47656837135132,70.55769750824258,70.60665130615234,5375100,0.0,0.0
2021-09-22 00:00:00-04:00,71.06678198956271,72.18286732330186,70.8611894849873,71.67377471923828,4028400,0.0,0.0
2021-09-23 00:00:00-04:00,71.94789901354501,72.84859960131116,71.64440637932975,71.96748352050781,4128800,0.0,0.0
2021-09-24 00:00:00-04:00,71.39965070127774,71.85978950351213,71.19405819865612,71.45838928222656,3486600,0.0,0.0
2021-09-27 00:00:00-04:00,71.2038449264795,72.26117664801276,70.89056007022887,72.12411499023438,4268700,0.0,0.0
2021-09-28 00:00:00-04:00,71.30174150116682,72.12411140698036,69.2458092673332,69.76468658447266,5379600,0.0,0.0
2021-09-29 00:00:00-04:00,70.01922516878308,70.32272522583106,68.26679299826935,68.50175476074219,5621400,0.0,0.0
2021-09-30 00:00:00-04:00,68.79546178682422,69.17728495826181,68.15910726279604,68.20805358886719,3927200,0.0,0.0
2021-10-01 00:00:00-04:00,68.23741610752627,68.88357028967484,67.57168489075188,68.4430160522461,4069100,0.0,0.0
2021-10-04 00:00:00-04:00,67.97309593975483,68.11994986550538,66.8472258014019,67.03324127197266,4648400,0.0,0.0
2021-10-05 00:00:00-04:00,67.43462337368268,69.14790147486741,67.22903089785649,68.50175476074219,3932500,0.0,0.0
2021-10-06 00:00:00-04:00,67.85560899317036,70.09755693995338,67.68917803533118,70.038818359375,4867000,0.0,0.0
2021-10-07 00:00:00-04:00,71.43880820442087,73.5926407027982,71.32132357986744,72.6136245727539,7309200,0.0,0.0
2021-10-08 00:00:00-04:00,72.87795829400552,74.35626717477143,72.77026592927426,73.47515869140625,4672600,0.0,0.0
2021-10-11 00:00:00-04:00,73.12271436138215,73.32830684455408,72.6429910980143,72.93669891357422,2817900,0.0,0.0
2021-10-12 00:00:00-04:00,73.63180377278769,74.1213118479712,72.94649545525095,73.10313415527344,3408300,0.0,0.0
2021-10-13 00:00:00-04:00,73.39684657089592,73.74929300457832,72.68216145001189,73.32831573486328,2929400,0.0,0.0
2021-10-14 00:00:00-04:00,73.96466936465768,74.16046959699572,72.66257615863947,73.11292266845703,4770000,0.0,0.0
2021-10-15 00:00:00-04:00,73.66117766150727,73.83740087834846,73.07376942847023,73.32831573486328,4358500,0.0,0.0
2021-10-18 00:00:00-04:00,73.10314059313951,73.47517154339437,72.3395091236917,72.69195556640625,5730000,0.0,0.0
2021-10-19 00:00:00-04:00,72.84859934682542,73.79823879077844,72.81922258648385,73.15209197998047,3425800,0.0,0.0
2021-10-20 00:00:00-04:00,73.38705366535274,75.33529381751468,73.05419174166614,74.37586212158203,5201700,0.0,0.0
2021-10-21 00:00:00-04:00,73.9940394943152,74.669555532076,73.48494693356487,74.6108169555664,3615500,0.0,0.0
2021-10-22 00:00:00-04:00,74.68914542142294,79.48632620710407,74.68914542142294,78.89891052246094,11047500,0.0,0.0
2021-10-25 00:00:00-04:00,78.89891053324419,79.35904933393721,78.22339444669339,78.87933349609375,6299600,0.0,0.0
2021-10-26 00:00:00-04:00,79.27093903525216,79.28073128817786,76.75486782298032,76.85276794433594,6145700,0.0,0.0
2021-10-27 00:00:00-04:00,76.60801143367772,76.85276546381725,75.66815685425789,76.0303955078125,7896500,0.0,0.0
2021-10-28 00:00:00-04:00,72.47657316900953,72.91713497145815,69.06960073710722,70.89057159423828,17831800,0.0,0.0
2021-10-29 00:00:00-04:00,70.55768877337351,75.3646613241465,70.55768877337351,75.11011505126953,16714300,0.0,0.0
2021-11-01 00:00:00-04:00,74.865359771617,75.98143748945476,73.96466678341454,74.69892883300781,7915700,0.0,0.0
2021-11-02 00:00:00-04:00,74.04299338644638,74.7772555450679,72.90733846514823,73.32831573486328,7002300,0.0,0.0
2021-11-03 00:00:00-04:00,73.12271341094552,74.53249148712895,72.31012827185164,73.86676025390625,9462500,0.0,0.0
2021-11-04 00:00:00-04:00,74.072366565217,75.38424463992017,73.37725851568258,74.67935180664062,5958200,0.0,0.0
2021-11-05 00:00:00-04:00,75.04159220394911,75.32550779440643,73.94509138590365,73.9842529296875,4692600,0.0,0.0
2021-11-08 00:00:00-05:00,74.19963611900367,74.92410599045462,71.95768820250083,72.21223449707031,8320500,0.0,0.0
2021-11-09 00:00:00-05:00,72.54509694503328,73.88635179135376,72.2318120683607,72.40803527832031,8317700,0.0,0.0
2021-11-10 00:00:00-05:00,72.31992144730812,73.15208363213509,71.40943618244333,71.69335174560547,6126600,0.0,0.0
2021-11-11 00:00:00-05:00,72.47656420151866,73.37725726455152,71.75209434380095,71.76188659667969,4200800,0.0,0.0
2021-11-12 00:00:00-05:00,71.91852334701034,72.57446235539963,71.00803805577586,72.35908508300781,3793600,0.0,0.0
2021-11-15 00:00:00-05:00,72.90733254059106,74.64018780763108,72.44719376349164,72.65278625488281,5079300,0.0,0.0
2021-11-16 00:00:00-05:00,72.74089911636274,74.97305462616444,72.63320674796879,74.29753112792969,6200400,0.0,0.0
2021-11-17 00:00:00-05:00,74.20942708901792,74.32690424655686,71.4583866309405,71.84020233154297,6393300,0.0,0.0
2021-11-18 00:00:00-05:00,71.95769101565291,73.47516912002989,71.91852947116503,73.15209197998047,9833400,0.0,0.0
2021-11-19 00:00:00-05:00,73.32830335904914,74.80661968031201,72.90732616038355,73.06396484375,5573800,0.0,0.0
2021-11-22 00:00:00-05:00,72.86816132950037,73.61221558244326,71.99683768524197,72.02620697021484,4576600,0.0,0.0
2021-11-23 00:00:00-05:00,71.67376224149584,71.8401931729922,69.54929926143203,70.14649963378906,10521500,0.0,0.0
2021-11-24 00:00:00-05:00,69.85280623553717,71.35069986632115,69.42204417519538,71.13532257080078,4675200,0.0,0.0
2021-11-26 00:00:00-05:00,71.43880307381185,72.05558050249579,70.58705641289615,70.94929504394531,4121900,0.0,0.0
2021-11-29 00:00:00-05:00,71.017827623095,71.13531224211211,68.0709871191241,69.06958770751953,7789500,0.0,0.0
2021-11-30 00:00:00-05:00,69.03032186762576,69.41311417097704,65.65388976790643,66.2133560180664,21869100,0.18,0.0
2021-12-01 00:00:00-05:00,67.37155478798144,67.38137208802571,65.50666466507587,65.57537078857422,11859600,0.0,0.0
2021-12-02 00:00:00-05:00,65.92872528449733,66.69431001941372,65.0551727035382,66.23300170898438,8384900,0.0,0.0
2021-12-03 00:00:00-05:00,66.52744927792695,67.27340685360977,65.08461314027436,65.81094360351562,10336600,0.0,0.0
2021-12-06 00:00:00-05:00,65.8894539035195,65.89927120310325,64.32884024794728,64.84904479980469,6413100,0.0,0.0
2021-12-07 00:00:00-05:00,65.48704000932581,66.39985424912582,65.30054874351961,65.98761749267578,6224500,0.0,0.0
2021-12-08 00:00:00-05:00,66.08577146858106,66.45874653118511,65.05517203545028,65.91891479492188,6751900,0.0,0.0
2021-12-09 00:00:00-05:00,65.75205508475747,66.43912391616648,65.32019116418779,65.3692626953125,4523800,0.0,0.0
2021-12-10 00:00:00-05:00,65.5753690955745,65.90908989281192,64.72145122391339,65.65389251708984,7593700,0.0,0.0
2021-12-13 00:00:00-05:00,65.24166014580338,66.19373610217356,64.9962800534773,65.45759582519531,6043700,0.0,0.0
2021-12-14 00:00:00-05:00,65.02572733852534,65.23184572657453,64.06383403922266,64.63311767578125,9297700,0.0,0.0
2021-12-15 00:00:00-05:00,64.11291827816132,64.54478969120277,63.06269165059815,64.3975601196289,10196400,0.0,0.0
2021-12-16 00:00:00-05:00,64.56441078391185,64.90794142660333,62.768230396948525,62.8565673828125,8521400,0.0,0.0
2021-12-17 00:00:00-05:00,62.47377330573934,63.94605386680905,61.806339151851496,62.84674835205078,19368900,0.0,0.0
2021-12-20 00:00:00-05:00,61.74744798404421,63.95587262001463,61.659110998605385,62.61118698120117,8123700,0.0,0.0
2021-12-21 00:00:00-05:00,63.02342546420096,63.357146302002846,62.13024202901103,62.53266525268555,9835700,0.0,0.0
2021-12-22 00:00:00-05:00,62.57192768756138,63.45529757612592,62.16950445926049,62.75841522216797,5835900,0.0,0.0
2021-12-23 00:00:00-05:00,62.8173043934449,64.2306961385874,62.4934008704487,63.69085693359375,6045400,0.0,0.0
2021-12-27 00:00:00-05:00,64.0049512939298,64.6331238186607,63.769388469257514,64.44664001464844,6050200,0.0,0.0
2021-12-28 00:00:00-05:00,64.60366645341526,65.48703622939564,64.26013584286892,64.8588638305664,5534400,0.0,0.0
2021-12-29 00:00:00-05:00,64.71163744984369,65.51648384321284,64.38773393474969,65.23184204101562,3654500,0.0,0.0
2021-12-30 00:00:00-05:00,65.05516877124148,66.3998543707801,65.01590705792582,65.54592895507812,3673600,0.0,0.0
2021-12-31 00:00:00-05:00,65.50666569118542,65.68333965272089,64.5153355349531,65.27110290527344,5935800,0.0,0.0
2022-01-03 00:00:00-05:00,65.22202128963902,65.87964558535629,64.44662683827494,65.56555938720703,6685500,0.0,0.0
2022-01-04 00:00:00-05:00,65.92871858675876,66.17409866858092,63.249172286768115,63.93623352050781,7527300,0.0,0.0
2022-01-05 00:00:00-05:00,63.67123083436871,65.0453533991232,63.268803877257504,63.298248291015625,7440700,0.0,0.0
2022-01-06 00:00:00-05:00,62.954713307186815,66.24280491187497,62.89582448373275,65.57537078857422,8218400,0.0,0.0
2022-01-07 00:00:00-05:00,65.49685595221607,66.08576666185378,65.0551673036833,65.09442901611328,5000900,0.0,0.0
2022-01-10 00:00:00-05:00,64.50551994321414,65.10424796825274,62.542479202341674,63.37677001953125,6684000,0.0,0.0
2022-01-11 00:00:00-05:00,63.38658155562862,65.2907258089963,62.88600411547481,65.202392578125,3811100,0.0,0.0
2022-01-12 00:00:00-05:00,65.6342735115773,65.75205116998993,62.670077634750236,63.13139343261719,5426000,0.0,0.0
2022-01-13 00:00:00-05:00,63.54362987610057,64.03439008596197,62.002643116672026,62.11061096191406,4416900,0.0,0.0
2022-01-14 00:00:00-05:00,62.00264137913086,62.660261988901894,61.482436769400856,62.277469635009766,6253100,0.0,0.0
2022-01-18 00:00:00-05:00,61.63947775771502,61.63947775771502,60.39294645326216,60.47146987915039,7163600,0.0,0.0
2022-01-19 00:00:00-05:00,60.81500105313954,61.67874002465291,60.77573933984278,61.1389045715332,6721800,0.0,0.0
2022-01-20 00:00:00-05:00,61.68856131274579,62.50322511684741,59.54884634452643,59.58810806274414,5352500,0.0,0.0
2022-01-21 00:00:00-05:00,59.794223291957515,60.20646382294609,58.27286736174005,58.439727783203125,7742200,0.0,0.0
2022-01-24 00:00:00-05:00,57.880258837274525,58.61639913283748,55.82888106387098,58.5575065612793,9318900,0.0,0.0
2022-01-25 00:00:00-05:00,57.360048228726335,57.487646923320895,55.86813683903026,57.104854583740234,7635900,0.0,0.0
2022-01-26 00:00:00-05:00,57.48764367108049,58.39064429405993,56.14296190846624,56.64353561401367,7599800,0.0,0.0
2022-01-27 00:00:00-05:00,56.96744388284571,57.62506074171778,55.357751055072086,55.65220642089844,4947100,0.0,0.0
2022-01-28 00:00:00-05:00,55.691469001159334,56.53557339787199,54.87680527402325,56.4766845703125,5027100,0.0,0.0
2022-01-31 00:00:00-05:00,56.66317252280013,59.274016649938254,56.59446639399675,58.959930419921875,9059300,0.0,0.0
2022-02-01 00:00:00-05:00,58.80288794128052,59.499766537658296,58.469170850251224,59.36235427856445,4080600,0.0,0.0
2022-02-02 00:00:00-05:00,59.352536942848275,59.47031833682904,56.358896870896736,57.45820236206055,8826200,0.0,0.0
2022-02-03 00:00:00-05:00,56.92818490376377,57.016521892175675,55.87795834386853,56.13315200805664,6287200,0.0,0.0
2022-02-04 00:00:00-05:00,56.28038178805866,59.15623695679952,56.192044799304725,58.1943473815918,10587000,0.0,0.0
2022-02-07 00:00:00-05:00,58.08637898797318,58.62621447229643,57.458206515727696,57.61524963378906,5718400,0.0,0.0
2022-02-08 00:00:00-05:00,57.36005085845144,58.802887045360244,57.36005085845144,58.62621307373047,3770700,0.0,0.0
2022-02-09 00:00:00-05:00,59.25438554377741,59.539027358598275,58.59676867250491,59.489952087402344,3448800,0.0,0.0
2022-02-10 00:00:00-05:00,58.390651192886835,58.92066937191056,57.39931347601381,57.72321701049805,3976200,0.0,0.0
2022-02-11 00:00:00-05:00,58.21397700272214,58.83233216665858,56.9772591864428,57.30116271972656,5897200,0.0,0.0
2022-02-14 00:00:00-05:00,57.44838521049134,57.55635304867111,56.614094405979806,57.104854583740234,5714500,0.0,0.0
2022-02-15 00:00:00-05:00,57.87044141658721,58.8814099664556,57.54654163419676,58.82251739501953,3803800,0.0,0.0
2022-02-16 00:00:00-05:00,58.586946746134565,58.645839313441854,56.201852061131156,56.58464813232422,5201800,0.0,0.0
2022-02-17 00:00:00-05:00,56.4177924048288,56.633728091977126,54.503826867095334,54.729576110839844,5659300,0.0,0.0
2022-02-18 00:00:00-05:00,54.33696908813183,54.85717369380189,53.2671117191969,54.43511962890625,7219600,0.0,0.0
2022-02-22 00:00:00-05:00,54.10140358744506,55.7012828933762,53.87565434396572,54.13085174560547,6951000,0.0,0.0
2022-02-23 00:00:00-05:00,54.50382360851195,54.85717153210084,53.4634144381702,53.58119583129883,11482500,0.0,0.0
2022-02-24 00:00:00-05:00,49.30176885191862,54.61179402406202,48.61470382852381,54.415489196777344,24110800,0.0,0.0
2022-02-25 00:00:00-05:00,54.346778317911145,54.543083128035036,52.39355500489567,53.591007232666016,8340200,0.0,0.0
2022-02-28 00:00:00-05:00,53.31618488860716,53.973805467331594,52.42300152362546,53.58119583129883,9281300,0.0,0.0
2022-03-01 00:00:00-05:00,53.5517527691774,54.03269565402961,52.94320744356409,53.34563064575195,9298800,0.0,0.0
2022-03-02 00:00:00-05:00,53.34562992265543,54.42530456222914,52.688013080468544,54.071956634521484,8496700,0.0,0.0
2022-03-03 00:00:00-05:00,54.61179321716424,54.61179321716424,52.47207849420247,53.414337158203125,6139200,0.0,0.0
2022-03-04 00:00:00-05:00,53.286742084146205,55.39700864493519,53.090437260206905,54.63142395019531,8300800,0.0,0.0
2022-03-07 00:00:00-05:00,54.47438119488423,55.416639862889696,53.72842735209735,53.83639144897461,9961700,0.0,0.0
2022-03-08 00:00:00-05:00,53.92472748837099,54.89643429686731,52.26595941995136,52.324851989746094,9549000,0.0,0.0
2022-03-09 00:00:00-05:00,53.15274451023471,53.15274451023471,51.84191107570551,52.295284271240234,10250400,0.22,0.0
2022-03-10 00:00:00-05:00,52.25585726159559,54.68040196004882,50.54093310920276,51.605369567871094,18926000,0.0,0.0
2022-03-11 00:00:00-05:00,52.13758917962659,52.13758917962659,49.27938343642642,49.33852005004883,9217700,0.0,0.0
2022-03-14 00:00:00-04:00,49.476500071134836,52.482541608504555,49.289236014105335,51.33926010131836,9205600,0.0,0.0
2022-03-15 00:00:00-04:00,51.75321069855393,53.773668578225845,51.46739311064755,53.162601470947266,8927400,0.0,0.0
2022-03-16 00:00:00-04:00,53.01476488735595,54.108767868970006,52.31499850154259,53.98064041137695,7561500,0.0,0.0
2022-03-17 00:00:00-04:00,53.49769806360749,55.05492840256523,53.28087133063108,54.8676643371582,5974000,0.0,0.0
2022-03-18 00:00:00-04:00,54.30588095400052,55.85325334757664,54.30588095400052,55.212623596191406,10588500,0.0,0.0
2022-03-21 00:00:00-04:00,54.77896378912394,55.43930571475029,54.08905167717445,54.522708892822266,5918500,0.0,0.0
2022-03-22 00:00:00-04:00,54.18761115148011,55.449162201032685,54.15804472366832,54.94651412963867,7120300,0.0,0.0
2022-03-23 00:00:00-04:00,54.62126944735023,55.2520487441154,53.86237021414794,54.798675537109375,5329000,0.0,0.0
2022-03-24 00:00:00-04:00,54.936658362381046,56.56287576152609,54.73954007650082,56.405181884765625,6892900,0.0,0.0
2022-03-25 00:00:00-04:00,56.553024721915385,57.213366693101875,56.12922169932273,56.592445373535156,6240900,0.0,0.0
2022-03-28 00:00:00-04:00,56.592442416905776,57.991978868556984,56.10950656225468,57.93284225463867,7156400,0.0,0.0
2022-03-29 00:00:00-04:00,58.52419595264636,59.51963782900214,58.52419595264636,59.34223175048828,5341100,0.0,0.0
2022-03-30 00:00:00-04:00,58.86915247783489,59.470361572386544,58.26794338328324,58.504486083984375,5943000,0.0,0.0
2022-03-31 00:00:00-04:00,58.30736772241114,58.30736772241114,56.415041157979154,56.434749603271484,9380700,0.0,0.0
2022-04-01 00:00:00-04:00,57.03595543751933,57.48932860742498,56.474170785826836,56.87826156616211,4950100,0.0,0.0
2022-04-04 00:00:00-04:00,57.242933452995416,57.528751018784504,55.67584891347366,55.91238784790039,6651900,0.0,0.0
2022-04-05 00:00:00-04:00,55.86311010683531,56.89797642081185,55.1731979776114,55.5871467590332,5040600,0.0,0.0
2022-04-06 00:00:00-04:00,55.02536175046973,55.340749505982004,52.709228456260604,53.340003967285156,6359400,0.0,0.0
2022-04-07 00:00:00-04:00,53.10346244217025,54.0496256625897,52.7289380908598,53.596256256103516,4998700,0.0,0.0
2022-04-08 00:00:00-04:00,53.7145286176474,54.64097968434299,53.340004246124245,54.23688888549805,3747400,0.0,0.0
2022-04-11 00:00:00-04:00,53.57655097821556,55.41959902785547,53.57655097821556,54.09891128540039,4101900,0.0,0.0
2022-04-12 00:00:00-04:00,54.53256940248394,54.97608086098438,53.34000542466828,53.45827865600586,3987300,0.0,0.0
2022-04-13 00:00:00-04:00,53.310437930508954,54.670549985939836,53.18231047898175,54.325592041015625,3787000,0.0,0.0
2022-04-14 00:00:00-04:00,54.40444572301761,54.67055487241196,53.20202743902511,53.36957931518555,4452200,0.0,0.0
2022-04-18 00:00:00-04:00,53.05418781044562,53.96092669174233,52.89649016877449,53.77366638183594,4115300,0.0,0.0
2022-04-19 00:00:00-04:00,53.37942840144232,54.424152691886015,53.37942840144232,54.37487030029297,4698300,0.0,0.0
2022-04-20 00:00:00-04:00,54.52270917449652,54.56213358331868,53.970778730141845,54.069339752197266,4937900,0.0,0.0
2022-04-21 00:00:00-04:00,54.43400986474459,55.054931187229094,53.763809907714695,53.98064041137695,4408600,0.0,0.0
2022-04-22 00:00:00-04:00,53.81308872672768,54.03977721390738,52.31499868087484,52.4036979675293,4914800,0.0,0.0
2022-04-25 00:00:00-04:00,52.16715499617324,53.10346402245335,51.950324508480136,52.8570671081543,5503600,0.0,0.0
2022-04-26 00:00:00-04:00,52.817644979936425,53.182311376122314,51.72364203166007,52.3347053527832,4951700,0.0,0.0
2022-04-27 00:00:00-04:00,52.2262930446747,53.11331970470233,51.2505595829538,51.309696197509766,4905700,0.0,0.0
2022-04-28 00:00:00-04:00,51.713785326718885,53.271011862522926,51.39839757871507,52.99504852294922,6008500,0.0,0.0
2022-04-29 00:00:00-04:00,50.777478148558465,53.202022959261406,50.777478148558465,51.17171096801758,8341100,0.0,0.0
2022-05-02 00:00:00-04:00,51.220993647354035,52.4529782645429,50.71834181809852,52.38398742675781,6139800,0.0,0.0
2022-05-03 00:00:00-04:00,52.51211188661074,53.46813316661693,52.25586073677048,52.689517974853516,8059000,0.0,0.0
2022-05-04 00:00:00-04:00,52.70923006226314,53.70467575070046,51.56594847376673,53.63568115234375,9500200,0.0,0.0
2022-05-05 00:00:00-04:00,50.471944523358026,51.073153613678315,46.60844259694103,47.347633361816406,19285100,0.0,0.0
2022-05-06 00:00:00-04:00,47.3082094768144,48.92457269905057,46.35218820719379,48.106536865234375,11281200,0.0,0.0
2022-05-09 00:00:00-04:00,47.387058791953905,50.1861242725553,46.982964222457774,48.550048828125,12832100,0.0,0.0
2022-05-10 00:00:00-04:00,49.249817712953245,50.15655657647032,47.68273314690209,47.889705657958984,7614900,0.0,0.0
2022-05-11 00:00:00-04:00,47.61374239043461,48.244517906942946,45.80026090061382,45.90867614746094,7085300,0.0,0.0
2022-05-12 00:00:00-04:00,45.31732200157502,47.13080352023354,44.53870681612671,45.494728088378906,8920400,0.0,0.0
2022-05-13 00:00:00-04:00,45.79040468869696,46.08608025352696,45.06107187943088,45.97766876220703,6455200,0.0,0.0
2022-05-16 00:00:00-04:00,45.81997161723661,45.81997161723661,44.26274132168169,44.440147399902344,6940600,0.0,0.0
2022-05-17 00:00:00-04:00,44.98222332476052,46.440892711695646,44.7456843753758,46.2437744140625,5704500,0.0,0.0
2022-05-18 00:00:00-04:00,45.43559036118126,46.10579028166041,44.006491238709955,44.29230880737305,5883200,0.0,0.0
2022-05-19 00:00:00-04:00,43.97692489624023,44.67669506478222,43.38557374281322,43.976924896240234,7668700,0.0,0.0
2022-05-20 00:00:00-04:00,44.31202025610782,44.666832414981265,42.65623268784414,43.671390533447266,7445800,0.0,0.0
2022-05-23 00:00:00-04:00,44.095192490020686,44.69639778983224,43.36585598508629,44.53870391845703,6122500,0.0,0.0
2022-05-24 00:00:00-04:00,43.760096800516074,44.97236925959425,42.991335813020555,43.54326629638672,8315100,0.0,0.0
2022-05-25 00:00:00-04:00,43.23772976008001,44.47957232196484,43.23772976008001,44.1641845703125,7522100,0.0,0.0
2022-05-26 00:00:00-04:00,45.021643501898616,46.1353585830188,44.834383204604514,45.80025863647461,6299000,0.0,0.0
2022-05-27 00:00:00-04:00,46.53945144443918,48.126248210512166,46.37189958381527,48.116390228271484,8695400,0.0,0.0
2022-05-31 00:00:00-04:00,47.95798097504127,48.809423875104095,46.84912694964542,48.185691833496094,17674900,0.22,0.0
2022-06-01 00:00:00-04:00,48.591617525910564,48.591617525910564,46.34420534351123,46.50261306762695,7174800,0.0,0.0
2022-06-02 00:00:00-04:00,46.393706404957626,47.304549861791024,45.98778638150136,47.29465103149414,5287700,0.0,0.0
2022-06-03 00:00:00-04:00,46.84912886704193,47.07683973481628,46.32440398811573,46.62141799926758,6122200,0.0,0.0
2022-06-06 00:00:00-04:00,47.51245976251103,48.274794274730404,46.99763375788787,47.195640563964844,5350100,0.0,0.0
2022-06-07 00:00:00-04:00,46.433308427790976,47.19564297901989,46.21549639787533,47.037235260009766,5114200,0.0,0.0
2022-06-08 00:00:00-04:00,47.344149794036475,47.660965218178845,46.82932378562068,47.205543518066406,4401800,0.0,0.0
2022-06-09 00:00:00-04:00,46.730322403211886,46.96793209322779,45.967984075663175,46.22539520263672,5139100,0.0,0.0
2022-06-10 00:00:00-04:00,43.90868150035878,45.1264453673741,43.839378356933594,43.839378356933594,8764800,0.0,0.0
2022-06-13 00:00:00-04:00,42.58201340206865,43.53246348144036,42.24539653112693,42.502811431884766,9224400,0.0,0.0
2022-06-14 00:00:00-04:00,42.77012520872066,43.156243783535544,41.789974861566186,42.15629577636719,5288400,0.0,0.0
2022-06-15 00:00:00-04:00,42.54241789608201,43.61166913260932,42.156299289093305,43.07704162597656,8232200,0.0,0.0
2022-06-16 00:00:00-04:00,41.86918523168939,42.077094675433166,40.11679754140982,40.671226501464844,9954900,0.0,0.0
2022-06-17 00:00:00-04:00,41.09694279548267,42.1463963624002,41.01774081921355,41.78997802734375,21193800,0.0,0.0
2022-06-21 00:00:00-04:00,42.275102617414156,43.03744097305343,41.78007800544616,41.86918258666992,7628500,0.0,0.0
2022-06-22 00:00:00-04:00,41.463263188741095,43.225549625687115,41.41376148213641,42.70082473754883,7343000,0.0,0.0
2022-06-23 00:00:00-04:00,41.7503732321751,42.681021903551326,41.63156838486209,42.542415618896484,5244700,0.0,0.0
2022-06-24 00:00:00-04:00,42.91863178687725,45.32445167178679,42.78992810869646,45.215545654296875,20444400,0.0,0.0
2022-06-27 00:00:00-04:00,45.413556218111296,45.48285936069194,43.77997728719016,43.938385009765625,4703400,0.0,0.0
2022-06-28 00:00:00-04:00,42.968138119247925,44.03738932440487,42.176095713368,42.22560119628906,5435600,0.0,0.0
2022-06-29 00:00:00-04:00,42.1562986687083,42.601817807607674,41.87908231190155,42.245399475097656,3517100,0.0,0.0
2022-06-30 00:00:00-04:00,41.99788510294582,41.99788510294582,40.61181849388035,41.255348205566406,6571700,0.0,0.0
2022-07-01 00:00:00-04:00,41.522659801330256,42.611716127388455,41.34445065300688,42.46320724487305,4950800,0.0,0.0
2022-07-05 00:00:00-04:00,41.839478533852024,43.52256296957229,41.473161378551694,43.492862701416016,6413700,0.0,0.0
2022-07-06 00:00:00-04:00,43.95818398374968,44.512609093324656,43.1265425426494,43.284950256347656,6444000,0.0,0.0
2022-07-07 00:00:00-04:00,43.284953496982816,43.63146921640994,42.760224837472784,43.38395690917969,6216100,0.0,0.0
2022-07-08 00:00:00-04:00,42.96813879593947,43.39386027394615,42.32460527521175,42.710723876953125,3716300,0.0,0.0
2022-07-11 00:00:00-04:00,42.59191658010552,42.7305228623399,41.96818453331288,42.40380859375,5986800,0.0,0.0
2022-07-12 00:00:00-04:00,42.63152005857375,43.51266324533292,42.44340829281303,42.77012634277344,4751000,0.0,0.0
2022-07-13 00:00:00-04:00,41.78007690384839,42.72062439713617,41.52266199743887,42.06719207763672,4439900,0.0,0.0
2022-07-14 00:00:00-04:00,41.780077143686874,41.93848486517978,40.80982937745059,41.61176681518555,3624800,0.0,0.0
2022-07-15 00:00:00-04:00,42.56221504250834,43.522560159353866,42.4236049876735,43.17604446411133,6407300,0.0,0.0
2022-07-18 00:00:00-04:00,43.54236478160621,44.28490170580155,42.91863270779546,43.156246185302734,4544300,0.0,0.0
2022-07-19 00:00:00-04:00,43.453261226600006,45.037342301697485,43.453261226600006,44.928436279296875,4290500,0.0,0.0
2022-07-20 00:00:00-04:00,45.13634534476142,46.00758974005133,44.96803500878196,45.73037338256836,4066000,0.0,0.0
2022-07-21 00:00:00-04:00,45.62147087927938,46.20559630632784,45.39375623011435,46.18579864501953,2964100,0.0,0.0
2022-07-22 00:00:00-04:00,46.1263914858883,46.89862863837872,45.8986806275062,46.21549606323242,4908200,0.0,0.0
2022-07-25 00:00:00-04:00,46.2154998001082,46.571918138303815,45.68087229281478,46.09669494628906,4042600,0.0,0.0
2022-07-26 00:00:00-04:00,44.938332776537074,45.33435396893145,44.79972649222044,45.20564651489258,3834200,0.0,0.0
2022-07-27 00:00:00-04:00,45.492761631560434,47.047138578075455,45.373956784691345,46.71052169799805,4123000,0.0,0.0
2022-07-28 00:00:00-04:00,46.898628917821114,47.75997442952582,46.017485745911216,47.73027038574219,4914700,0.0,0.0
2022-07-29 00:00:00-04:00,48.64111989255989,49.235147921881826,47.89858296753842,48.146095275878906,7241400,0.0,0.0
2022-08-01 00:00:00-04:00,47.37385295961334,48.84902793717241,47.175846139957514,48.453006744384766,4805800,0.0,0.0
2022-08-02 00:00:00-04:00,48.20549309460957,48.354001981935156,47.274848227351235,47.948081970214844,5250700,0.0,0.0
2022-08-03 00:00:00-04:00,48.51241163304335,50.31430090584592,48.51241163304335,49.977684020996094,8749800,0.0,0.0
2022-08-04 00:00:00-04:00,49.60146311952183,49.69056769807078,46.19569525104477,47.393653869628906,10604500,0.0,0.0
2022-08-05 00:00:00-04:00,46.85903001706704,47.18574428615289,46.22539536244556,46.80952453613281,5487400,0.0,0.0
2022-08-08 00:00:00-04:00,47.15604334958681,48.512409664348304,46.7303219014137,47.1362419128418,4786100,0.0,0.0
2022-08-09 00:00:00-04:00,47.096640295840196,47.542163192644395,46.552113989407495,47.522361755371094,6075100,0.0,0.0
2022-08-10 00:00:00-04:00,48.373805715248814,48.79952718393958,47.98768712195673,48.01738739013672,4848400,0.0,0.0
2022-08-11 00:00:00-04:00,48.383702997873534,49.027236483931596,47.65106871012596,48.08668899536133,4581900,0.0,0.0
2022-08-12 00:00:00-04:00,48.46291037333083,48.98763525461185,48.19559662907312,48.94803237915039,2885800,0.0,0.0
2022-08-15 00:00:00-04:00,48.680716774881496,48.75002369265997,47.72037163043192,48.195594787597656,3710000,0.0,0.0
2022-08-16 00:00:00-04:00,48.20549364242735,49.670765988623984,48.09659140412061,49.0074348449707,5314600,0.0,0.0
2022-08-17 00:00:00-04:00,48.40350443493941,48.54211071766257,47.759974725619294,48.08668899536133,3832300,0.0,0.0
2022-08-18 00:00:00-04:00,47.90848267871914,48.235200744568324,47.34415490746889,48.05699157714844,3534100,0.0,0.0
2022-08-19 00:00:00-04:00,47.37385307923578,47.601567720543365,46.086789864533,46.60161590576172,4377500,0.0,0.0
2022-08-22 00:00:00-04:00,46.235301312147215,46.235301312147215,44.87893488006613,44.93833541870117,4322500,0.0,0.0
2022-08-23 00:00:00-04:00,44.86902977393155,45.898681855969,44.710622051828715,44.977935791015625,4307200,0.0,0.0
2022-08-24 00:00:00-04:00,44.77992462606811,45.799674088121186,44.72052031475647,45.07693862915039,4212100,0.0,0.0
2022-08-25 00:00:00-04:00,45.274949448492784,46.156092631936424,45.10664289738016,46.12639236450195,3227800,0.0,0.0
2022-08-26 00:00:00-04:00,46.56201023005342,46.740219378863706,44.06708592344714,44.08688735961914,3978200,0.0,0.0
2022-08-29 00:00:00-04:00,43.81957516251609,44.40370433135166,43.463160629220376,44.01758575439453,4539100,0.0,0.0
2022-08-30 00:00:00-04:00,44.42350545594795,44.61161721644224,43.64136947746969,44.007686614990234,4274900,0.0,0.0
2022-08-31 00:00:00-04:00,44.465374539472435,44.584774119613535,43.68929624617308,43.9081916809082,7289300,0.22,0.0
2022-09-01 00:00:00-04:00,43.76889696967074,44.574823278719485,43.410705812083016,44.54497528076172,4660500,0.0,0.0
2022-09-02 00:00:00-04:00,44.96286002493221,45.231503378727766,43.60969898453291,43.88829040527344,4203000,0.0,0.0
2022-09-06 00:00:00-04:00,43.9977387162493,44.06738657237942,42.71422171809685,42.82366943359375,6219900,0.0,0.0
2022-09-07 00:00:00-04:00,42.93311909963331,44.64447137939678,42.873419307870854,44.43552780151367,4814700,0.0,0.0
2022-09-08 00:00:00-04:00,44.137035609049306,44.296231255250966,43.341057378041036,44.027587890625,5945800,0.0,0.0
2022-09-09 00:00:00-04:00,44.156935395987404,44.93301369426185,44.04748767791822,44.873313903808594,4264800,0.0,0.0
2022-09-12 00:00:00-04:00,45.14195497437636,45.61954188717053,44.88326348660079,45.291202545166016,4737500,0.0,0.0
2022-09-13 00:00:00-04:00,43.928089274431024,44.16688083096497,42.395828903832,42.57492446899414,6326400,0.0,0.0
2022-09-14 00:00:00-04:00,42.674420786384594,42.70426878239789,41.66949903352832,42.35602951049805,7176200,0.0,0.0
2022-09-15 00:00:00-04:00,42.276435815129986,43.60970077642218,42.216736024436806,42.445579528808594,6821600,0.0,0.0
2022-09-16 00:00:00-04:00,41.63964708277767,41.928190361547635,40.933216679325724,41.78889465332031,9313600,0.0,0.0
2022-09-19 00:00:00-04:00,41.560053264344,41.65954911939021,40.87352275526857,41.14216232299805,6713000,0.0,0.0
2022-09-20 00:00:00-04:00,40.833720837201575,40.833720837201575,39.51040401773955,39.6994514465332,7587800,0.0,0.0
2022-09-21 00:00:00-04:00,39.838746793688486,40.10739014096812,38.60497776864757,38.73432540893555,6350400,0.0,0.0
2022-09-22 00:00:00-04:00,38.6547291646562,38.73432888752764,37.818951052124646,38.10749435424805,5490500,0.0,0.0
2022-09-23 00:00:00-04:00,37.8388474250519,38.02789485133456,37.31151259494416,37.998043060302734,5161200,0.0,0.0
2022-09-26 00:00:00-04:00,37.96819867583748,38.90347264744682,37.908498883619295,37.938350677490234,5571700,0.0,0.0
2022-09-27 00:00:00-04:00,38.32638648820807,38.39603434194659,37.082669392129894,37.381160736083984,5298000,0.0,0.0
2022-09-28 00:00:00-04:00,37.41100994465437,38.624879084346716,37.36126201830312,38.41593551635742,4452700,0.0,0.0
2022-09-29 00:00:00-04:00,37.769200297105755,37.86869994325023,37.092617885416956,37.50055694580078,4211800,0.0,0.0
2022-09-30 00:00:00-04:00,37.22196746708988,37.76920226506618,36.57523301778468,36.62498474121094,5953300,0.0,0.0
2022-10-03 00:00:00-04:00,36.754329417663946,37.43091187975619,35.99815102824987,37.03292465209961,8930300,0.0,0.0
2022-10-04 00:00:00-04:00,37.9184488629401,38.98307043370264,37.89854893318935,38.47563171386719,8189800,0.0,0.0
2022-10-05 00:00:00-04:00,38.057744298846046,39.291513365754,37.988096442986766,38.923370361328125,7290500,0.0,0.0
2022-10-06 00:00:00-04:00,38.75422646088541,39.43080888204233,38.64477874635658,38.69452667236328,6471800,0.0,0.0
2022-10-07 00:00:00-04:00,38.31643715710713,38.38608881097015,37.23191562586318,37.361263275146484,6731600,0.0,0.0
2022-10-10 00:00:00-04:00,37.71945511836696,37.8985506989446,37.10257244944605,37.3712158203125,5192100,0.0,0.0
2022-10-11 00:00:00-04:00,37.022969899878724,37.61000452572209,36.43593527403536,36.764278411865234,6222400,0.0,0.0
2022-10-12 00:00:00-04:00,36.80407892273331,37.052822348339575,36.425987853065216,36.94337463378906,6324300,0.0,0.0
2022-10-13 00:00:00-04:00,36.027999098319626,38.14729427925717,35.739455795715365,37.769203186035156,7866600,0.0,0.0
2022-10-14 00:00:00-04:00,38.10749251785177,38.26668816039932,36.8239755148302,36.89362716674805,5716900,0.0,0.0
2022-10-17 00:00:00-04:00,37.81894752747229,38.25673837141652,37.60005590102351,37.659751892089844,5976000,0.0,0.0
2022-10-18 00:00:00-04:00,38.79402682761202,39.12236617997216,37.96819682210358,38.306488037109375,5326500,0.0,0.0
2022-10-19 00:00:00-04:00,38.08759202834375,38.4457831676925,37.092618328163205,37.619956970214844,5097700,0.0,0.0
2022-10-20 00:00:00-04:00,37.510511740961405,38.46568564548883,37.29161629785248,37.430912017822266,5105200,0.0,0.0
2022-10-21 00:00:00-04:00,37.2219680770442,38.256741694679846,36.89362871108739,38.216941833496094,4449300,0.0,0.0
2022-10-24 00:00:00-04:00,38.21694089591899,38.62487997423534,37.41101080657634,38.4855842590332,5899100,0.0,0.0
2022-10-25 00:00:00-04:00,38.41593680561749,38.9233717442675,37.948297932069956,38.77412796020508,6544200,0.0,0.0
2022-10-26 00:00:00-04:00,38.79402623641097,40.35613464190522,38.72437458552332,39.37110900878906,5856200,0.0,0.0
2022-10-27 00:00:00-04:00,39.50045638809516,40.42578222662271,39.42085667076988,39.64970016479492,6130400,0.0,0.0
2022-10-28 00:00:00-04:00,38.604979577985105,40.206887874514095,38.286588291218,40.117340087890625,7750500,0.0,0.0
2022-10-31 00:00:00-04:00,40.147186339448446,40.40588162090165,39.22186051641074,39.63975143432617,6860700,0.0,0.0
2022-11-01 00:00:00-04:00,40.31633567468047,40.63472696210842,39.102466519159194,39.60990524291992,4960300,0.0,0.0
2022-11-02 00:00:00-04:00,39.71934990414878,39.79894962525061,37.818950211364005,37.86870193481445,8531900,0.0,0.0
2022-11-03 00:00:00-04:00,39.70939939202696,40.72427300045205,38.21693887296477,38.6248779296875,14052700,0.0,0.0
2022-11-04 00:00:00-04:00,39.27161243246219,40.57502552639391,38.833821583365896,39.868595123291016,7329900,0.0,0.0
2022-11-07 00:00:00-05:00,40.16708642542301,40.45562970373948,39.17211274476486,40.376033782958984,5258300,0.0,0.0
2022-11-08 00:00:00-05:00,40.37603366173663,42.0276898148494,40.017842530491365,41.39090347290039,7889100,0.0,0.0
2022-11-09 00:00:00-05:00,41.14216336904869,41.251611089696404,40.28648912553424,40.366085052490234,5208100,0.0,0.0
2022-11-10 00:00:00-05:00,42.27643657234094,44.57482352010241,42.047589268346684,44.43552780151367,9206000,0.0,0.0
2022-11-11 00:00:00-05:00,44.773817396644134,46.753816769326086,44.515125899493874,46.27622604370117,7298800,0.0,0.0
2022-11-14 00:00:00-05:00,46.10708401392317,46.654318820726,45.619545203356935,45.67924499511719,6188100,0.0,0.0
2022-11-15 00:00:00-05:00,46.83341263019373,46.893112419697346,45.7986390519388,46.78366470336914,5466800,0.0,0.0
2022-11-16 00:00:00-05:00,46.04738271075665,46.22647828463532,45.0822607798811,45.261356353759766,5263300,0.0,0.0
2022-11-17 00:00:00-05:00,44.43552501964328,45.42055064667649,44.345977235367535,45.241455078125,3617200,0.0,0.0
2022-11-18 00:00:00-05:00,45.88818839075123,45.91804018427464,45.02256228904549,45.450401306152344,3792000,0.0,0.0
2022-11-21 00:00:00-05:00,45.13200721737896,45.37079877765355,44.31612909464786,44.50517272949219,4096100,0.0,0.0
2022-11-22 00:00:00-05:00,44.65442048620745,44.93301190618917,44.186781635075185,44.90316390991211,3817000,0.0,0.0
2022-11-23 00:00:00-05:00,45.1220584470104,45.54989746697081,44.8832668703724,45.002662658691406,4981600,0.0,0.0
2022-11-25 00:00:00-05:00,44.4454746934533,44.98276141853308,44.33603077140244,44.81361770629883,2329800,0.0,0.0
2022-11-28 00:00:00-05:00,44.77381591216611,45.1618550427878,44.02758564696334,44.10718536376953,5878400,0.0,0.0
2022-11-29 00:00:00-05:00,44.37582543311022,44.435525221406266,43.40075166408216,43.54999923706055,4421400,0.0,0.0
2022-11-30 00:00:00-05:00,43.84000015258789,45.630001068115234,43.529998779296875,45.439998626708984,8878500,0.22,0.0
2022-12-01 00:00:00-05:00,45.36000061035156,46.09000015258789,45.04999923706055,45.15999984741211,4785600,0.0,0.0
2022-12-02 00:00:00-05:00,44.810001373291016,45.45000076293945,44.380001068115234,45.20000076293945,4338000,0.0,0.0
2022-12-05 00:00:00-05:00,44.849998474121094,44.91999816894531,43.81999969482422,43.939998626708984,4641100,0.0,0.0
2022-12-06 00:00:00-05:00,43.72999954223633,43.81999969482422,42.7400016784668,43.349998474121094,8691500,0.0,0.0
2022-12-07 00:00:00-05:00,43.099998474121094,43.91999816894531,42.959999084472656,43.15999984741211,5533200,0.0,0.0
2022-12-08 00:00:00-05:00,43.5,44.15999984741211,43.2599983215332,43.880001068115234,3855000,0.0,0.0
2022-12-09 00:00:00-05:00,43.529998779296875,44.04999923706055,43.310001373291016,43.63999938964844,4083600,0.0,0.0
